   1.0000000000000000e+00	   8.6693243559087019e-01	   0.0000000000000000e+00	   8.4632593813700852e-01	   0.0000000000000000e+00	   2.4053155869017240e-01	   3.1077910557280097e-01	   0.0000000000000000e+00	   0.0000000000000000e+00	   0.0000000000000000e+00	   2.8775354765698402e-01	   1.2320907292628303e-01	   0.0000000000000000e+00	   0.0000000000000000e+00	   4.4596177736974096e-01	   9.0933740962852705e-01	   0.0000000000000000e+00	   4.9256895302721737e-01	   0.0000000000000000e+00	   2.6207999313575903e-01	   8.2833699949712036e-01	   0.0000000000000000e+00	   5.1284561643668336e-01	   5.1700129633713532e-01	   6.9873282256894131e-01	   0.0000000000000000e+00	   4.7069579862221922e-01	   0.0000000000000000e+00	   6.7405793172573458e-01	   8.0243397263294647e-01	   0.0000000000000000e+00	   5.2969046584829871e-01	   9.5479303260733062e-02	   0.0000000000000000e+00	   0.0000000000000000e+00	   9.0387781581609339e-01	   0.0000000000000000e+00	   0.0000000000000000e+00	   5.9680298471028403e-01	   9.1453132244294244e-01	   0.0000000000000000e+00	   1.5543474781766464e-01	   0.0000000000000000e+00	   0.0000000000000000e+00	   3.0374289884139805e-01	   0.0000000000000000e+00	   0.0000000000000000e+00	   6.0078422990217639e-01	   9.0800558060869374e-01	   0.0000000000000000e+00	   6.8532441885250617e-01	   2.1040382344865083e-01	   9.8299813014456172e-01	   0.0000000000000000e+00	   1.6688905636270868e-01	   2.5877936436089299e-01	   1.2170378497034151e-01	   0.0000000000000000e+00	   0.0000000000000000e+00	   3.9843970174977328e-01	   0.0000000000000000e+00	   2.7728108726948297e-01	   0.0000000000000000e+00	   5.0851820547730531e-01	   0.0000000000000000e+00	   6.9711893813729775e-03	   0.0000000000000000e+00	   7.3502721306425656e-01	   7.2500997937796219e-01	   0.0000000000000000e+00	   0.0000000000000000e+00	   0.0000000000000000e+00	   0.0000000000000000e+00	   9.3197356622869687e-01	   8.1899448366721805e-01	   0.0000000000000000e+00	   8.7660665642715607e-01	   0.0000000000000000e+00	   2.1412616975887167e-01	   3.0000966791232730e-01	   9.3348043832139660e-01	   5.4273263506314784e-02	   0.0000000000000000e+00	   0.0000000000000000e+00	   0.0000000000000000e+00	   1.7407046452394648e-01	   2.9019915177196443e-01	   0.0000000000000000e+00	   9.6243721828963003e-01	   6.6922495038762864e-01	   5.4575070677012405e-01	   0.0000000000000000e+00	   7.0885932203478041e-01	   2.9155861885937051e-01	   0.0000000000000000e+00	   0.0000000000000000e+00	   0.0000000000000000e+00	   9.3816227242815309e-01	   0.0000000000000000e+00	   5.8755603652957522e-01	
   8.6693243559087019e-01	   1.0000000000000000e+00	   5.0677807655955176e-01	   3.0289431177874082e-02	   9.8172307429497130e-01	   4.7626902366665669e-01	   0.0000000000000000e+00	   0.0000000000000000e+00	   0.0000000000000000e+00	   0.0000000000000000e+00	   2.1946010774490454e-01	   0.0000000000000000e+00	   2.3559595662355171e-01	   3.1982112888567482e-01	   3.0626257985851557e-01	   0.0000000000000000e+00	   4.0828539756702720e-01	   0.0000000000000000e+00	   0.0000000000000000e+00	   0.0000000000000000e+00	   0.0000000000000000e+00	   8.9065049081498038e-02	   3.0328380530814059e-01	   6.9028396352635735e-01	   5.0709006346014052e-02	   2.0338854351870361e-01	   0.0000000000000000e+00	   0.0000000000000000e+00	   6.7043807908685604e-01	   0.0000000000000000e+00	   7.4971918785846681e-01	   0.0000000000000000e+00	   2.1318735165055869e-01	   9.6903005604043990e-01	   3.2912403626325082e-02	   0.0000000000000000e+00	   0.0000000000000000e+00	   1.0984756289972730e-01	   9.8400138102835355e-01	   0.0000000000000000e+00	   0.0000000000000000e+00	   6.4540103717952235e-01	   0.0000000000000000e+00	   7.9646296299944608e-01	   2.2714690776238988e-01	   3.6893539061179947e-01	   0.0000000000000000e+00	   0.0000000000000000e+00	   0.0000000000000000e+00	   0.0000000000000000e+00	   0.0000000000000000e+00	   7.6706711883713863e-01	   8.3965165428577127e-02	   7.3957378995469913e-01	   0.0000000000000000e+00	   0.0000000000000000e+00	   0.0000000000000000e+00	   6.8723943407493659e-01	   0.0000000000000000e+00	   0.0000000000000000e+00	   0.0000000000000000e+00	   8.5952127212081941e-01	   4.7793190482690817e-02	   0.0000000000000000e+00	   1.8068506374654536e-01	   0.0000000000000000e+00	   6.5000991184744017e-01	   0.0000000000000000e+00	   0.0000000000000000e+00	   7.2149760723642431e-01	   6.7188603248148038e-01	   0.0000000000000000e+00	   7.6509310169292544e-01	   0.0000000000000000e+00	   4.1007223431088802e-01	   0.0000000000000000e+00	   0.0000000000000000e+00	   8.4430511253457641e-01	   6.6360853390943919e-01	   0.0000000000000000e+00	   0.0000000000000000e+00	   8.5572740907712375e-01	   7.0921516382195227e-01	   8.5092134706465661e-01	   0.0000000000000000e+00	   3.1547659007346129e-02	   0.0000000000000000e+00	   4.7131095377402865e-01	   2.4376682601839272e-01	   0.0000000000000000e+00	   5.5163480789915764e-01	   3.6810820755668960e-01	   9.8744204484247444e-01	   1.0039669991409006e-01	   0.0000000000000000e+00	   4.4205571669819343e-01	   5.8546162290797787e-01	   4.0260386691683681e-01	   0.0000000000000000e+00	   9.9792788258644194e-01	
   0.0000000000000000e+00	   5.0677807655955176e-01	   1.0000000000000000e+00	   2.6151606214321010e-01	   0.0000000000000000e+00	   0.0000000000000000e+00	   2.4110566513341525e-01	   4.6763258929024887e-02	   1.9485120387438137e-01	   5.3391211936287608e-01	   0.0000000000000000e+00	   0.0000000000000000e+00	   7.1328737687449140e-01	   0.0000000000000000e+00	   0.0000000000000000e+00	   0.0000000000000000e+00	   6.9993167775767917e-01	   6.4274648316592575e-01	   1.3604727519047100e-01	   0.0000000000000000e+00	   0.0000000000000000e+00	   0.0000000000000000e+00	   1.0446985436014933e-01	   0.0000000000000000e+00	   0.0000000000000000e+00	   4.4314594939228014e-01	   0.0000000000000000e+00	   7.2304138319435718e-01	   1.4900071697741557e-01	   0.0000000000000000e+00	   0.0000000000000000e+00	   0.0000000000000000e+00	   0.0000000000000000e+00	   8.5802687576861236e-01	   0.0000000000000000e+00	   2.4902845746483249e-01	   0.0000000000000000e+00	   7.2096791433127982e-01	   4.1584490743257230e-01	   9.1861668702367005e-02	   0.0000000000000000e+00	   0.0000000000000000e+00	   0.0000000000000000e+00	   8.7498588810152966e-01	   0.0000000000000000e+00	   0.0000000000000000e+00	   0.0000000000000000e+00	   0.0000000000000000e+00	   0.0000000000000000e+00	   0.0000000000000000e+00	   0.0000000000000000e+00	   9.4162477761205055e-01	   8.0745789663590706e-01	   0.0000000000000000e+00	   0.0000000000000000e+00	   7.9052566164281690e-01	   0.0000000000000000e+00	   0.0000000000000000e+00	   0.0000000000000000e+00	   0.0000000000000000e+00	   6.1758285159905724e-01	   5.5332515614733879e-01	   7.3773704053056788e-01	   9.8330822690160002e-01	   0.0000000000000000e+00	   8.1010321233001925e-01	   3.7131738452038321e-02	   0.0000000000000000e+00	   1.5841927128789102e-01	   0.0000000000000000e+00	   4.1767817482515723e-01	   0.0000000000000000e+00	   5.8372249044394653e-01	   0.0000000000000000e+00	   0.0000000000000000e+00	   1.6336583090682089e-02	   0.0000000000000000e+00	   0.0000000000000000e+00	   0.0000000000000000e+00	   0.0000000000000000e+00	   0.0000000000000000e+00	   0.0000000000000000e+00	   2.5646673559301147e-01	   2.4074795513248526e-01	   5.0641145050199188e-01	   3.3179068407088241e-01	   0.0000000000000000e+00	   0.0000000000000000e+00	   4.9918757082466536e-01	   0.0000000000000000e+00	   6.4687984644647167e-01	   0.0000000000000000e+00	   9.5023753267539435e-01	   0.0000000000000000e+00	   0.0000000000000000e+00	   1.2416631489416596e-01	   5.2495609190352877e-01	   2.9909574724864663e-02	   9.4552073802903902e-01	   0.0000000000000000e+00	
   8.4632593813700852e-01	   3.0289431177874082e-02	   2.6151606214321010e-01	   1.0000000000000000e+00	   7.7172223242524429e-01	   0.0000000000000000e+00	   9.9877905072078321e-01	   0.0000000000000000e+00	   0.0000000000000000e+00	   8.1731870151041552e-02	   5.8788111237583318e-02	   0.0000000000000000e+00	   0.0000000000000000e+00	   8.6526813657801083e-01	   0.0000000000000000e+00	   0.0000000000000000e+00	   6.0214538215341629e-01	   8.8970332398417873e-01	   0.0000000000000000e+00	   0.0000000000000000e+00	   0.0000000000000000e+00	   0.0000000000000000e+00	   0.0000000000000000e+00	   0.0000000000000000e+00	   4.2166045683793107e-01	   2.0087347341560147e-01	   0.0000000000000000e+00	   0.0000000000000000e+00	   6.3284843532663793e-01	   3.4654843729203788e-01	   0.0000000000000000e+00	   0.0000000000000000e+00	   0.0000000000000000e+00	   0.0000000000000000e+00	   5.6372452946740625e-01	   8.8272848321734543e-01	   1.5933881263645300e-01	   0.0000000000000000e+00	   0.0000000000000000e+00	   7.8117459084738461e-01	   3.6935450059151376e-01	   0.0000000000000000e+00	   2.3801155170898591e-01	   0.0000000000000000e+00	   4.2340433456822246e-01	   7.5792014296449672e-01	   0.0000000000000000e+00	   5.7334544192078951e-02	   4.7355317854738654e-01	   0.0000000000000000e+00	   8.8862430032309958e-01	   1.8655309576521506e-02	   0.0000000000000000e+00	   7.0451726918011071e-01	   6.8752229783055041e-01	   0.0000000000000000e+00	   5.7427533048123292e-01	   1.2993361536582193e-01	   0.0000000000000000e+00	   4.7277611663067221e-01	   2.6851777536411270e-01	   0.0000000000000000e+00	   0.0000000000000000e+00	   8.7512233981246068e-01	   3.2389371812970746e-01	   0.0000000000000000e+00	   0.0000000000000000e+00	   0.0000000000000000e+00	   0.0000000000000000e+00	   0.0000000000000000e+00	   2.0165475053735227e-02	   3.2246261695104517e-01	   0.0000000000000000e+00	   6.7592942856966376e-01	   0.0000000000000000e+00	   0.0000000000000000e+00	   8.2593734964489862e-01	   7.6009045325199132e-01	   5.8389695956072685e-01	   0.0000000000000000e+00	   0.0000000000000000e+00	   4.8280423457371990e-01	   0.0000000000000000e+00	   5.3888547514168084e-01	   0.0000000000000000e+00	   5.4922270507845905e-01	   0.0000000000000000e+00	   3.0002299849824854e-01	   0.0000000000000000e+00	   3.9028554655071779e-01	   6.7148714900798667e-01	   4.1804394238917841e-01	   0.0000000000000000e+00	   0.0000000000000000e+00	   5.3129402730275632e-01	   0.0000000000000000e+00	   0.0000000000000000e+00	   0.0000000000000000e+00	   8.6385503448186396e-01	   0.0000000000000000e+00	
   0.0000000000000000e+00	   9.8172307429497130e-01	   0.0000000000000000e+00	   7.7172223242524429e-01	   1.0000000000000000e+00	   0.0000000000000000e+00	   1.4208566657690658e-01	   0.0000000000000000e+00	   0.0000000000000000e+00	   5.6798498029646860e-01	   2.6284977885653538e-02	   3.6996519773415892e-02	   2.5773141232511909e-01	   0.0000000000000000e+00	   2.5303715003189242e-01	   0.0000000000000000e+00	   0.0000000000000000e+00	   0.0000000000000000e+00	   0.0000000000000000e+00	   6.6585876013872547e-01	   0.0000000000000000e+00	   0.0000000000000000e+00	   0.0000000000000000e+00	   0.0000000000000000e+00	   6.1442577526218423e-01	   0.0000000000000000e+00	   8.3903152097174527e-01	   0.0000000000000000e+00	   5.7338724837171484e-01	   3.7485503581024504e-01	   0.0000000000000000e+00	   9.2908450194503611e-01	   1.5259716017761049e-01	   8.4849767415489019e-01	   0.0000000000000000e+00	   8.6281476952234748e-01	   3.5769830697965788e-01	   0.0000000000000000e+00	   1.7071176177379155e-01	   0.0000000000000000e+00	   0.0000000000000000e+00	   7.0031424117531438e-01	   0.0000000000000000e+00	   0.0000000000000000e+00	   8.5240231150804657e-01	   0.0000000000000000e+00	   0.0000000000000000e+00	   5.3993109649565674e-01	   6.6434031779548219e-01	   8.1313114007891241e-01	   4.6122317230579957e-01	   0.0000000000000000e+00	   5.6220864828106476e-01	   1.7147721120748527e-01	   9.7812453865907201e-02	   0.0000000000000000e+00	   0.0000000000000000e+00	   0.0000000000000000e+00	   3.5057383281052001e-01	   9.5195031117046147e-01	   0.0000000000000000e+00	   5.4363402946141626e-01	   0.0000000000000000e+00	   0.0000000000000000e+00	   1.3494708549778223e-01	   5.6046751854798305e-01	   1.2663455358195375e-01	   6.1765701204464363e-01	   8.9929034826830900e-02	   0.0000000000000000e+00	   0.0000000000000000e+00	   0.0000000000000000e+00	   0.0000000000000000e+00	   0.0000000000000000e+00	   0.0000000000000000e+00	   0.0000000000000000e+00	   0.0000000000000000e+00	   0.0000000000000000e+00	   3.1528385281707894e-01	   0.0000000000000000e+00	   0.0000000000000000e+00	   7.7689690136848322e-01	   0.0000000000000000e+00	   0.0000000000000000e+00	   0.0000000000000000e+00	   3.5633702499387476e-01	   5.6262050801617658e-01	   5.4063494749657026e-01	   0.0000000000000000e+00	   0.0000000000000000e+00	   6.6660732189537675e-01	   5.8373478969608616e-01	   0.0000000000000000e+00	   1.2196666974201720e-01	   8.6459122735833216e-01	   0.0000000000000000e+00	   4.7960552518353772e-01	   0.0000000000000000e+00	   6.9459226067755409e-01	   9.3660858301594019e-01	
   2.4053155869017240e-01	   4.7626902366665669e-01	   0.0000000000000000e+00	   0.0000000000000000e+00	   0.0000000000000000e+00	   1.0000000000000000e+00	   3.1340214816541623e-01	   0.0000000000000000e+00	   0.0000000000000000e+00	   2.3011382914437617e-01	   1.6146882558749942e-01	   8.2888254341009326e-01	   2.9694553771772825e-01	   2.0716562228195534e-01	   9.4949822371422254e-01	   9.1866197166564989e-01	   0.0000000000000000e+00	   0.0000000000000000e+00	   3.3274173922018979e-01	   0.0000000000000000e+00	   3.1707831356662419e-01	   0.0000000000000000e+00	   3.7203690864613592e-01	   2.3183671478579027e-02	   0.0000000000000000e+00	   7.2291160582618441e-01	   8.9522279203391886e-01	   0.0000000000000000e+00	   0.0000000000000000e+00	   0.0000000000000000e+00	   3.8863338295769156e-01	   4.4571196716237882e-01	   0.0000000000000000e+00	   8.0965699297009441e-01	   7.2937912272028260e-01	   1.0468202270565885e-01	   6.3681567755109547e-01	   0.0000000000000000e+00	   0.0000000000000000e+00	   0.0000000000000000e+00	   0.0000000000000000e+00	   0.0000000000000000e+00	   0.0000000000000000e+00	   0.0000000000000000e+00	   0.0000000000000000e+00	   9.3968181319170840e-02	   0.0000000000000000e+00	   6.7783787570832932e-01	   8.7625622514592805e-01	   0.0000000000000000e+00	   9.4563799168854212e-01	   7.7792728026497227e-01	   0.0000000000000000e+00	   1.1355409664447580e-01	   0.0000000000000000e+00	   0.0000000000000000e+00	   1.4284600404285785e-01	   0.0000000000000000e+00	   6.0283852820338768e-01	   0.0000000000000000e+00	   0.0000000000000000e+00	   0.0000000000000000e+00	   0.0000000000000000e+00	   0.0000000000000000e+00	   0.0000000000000000e+00	   0.0000000000000000e+00	   0.0000000000000000e+00	   0.0000000000000000e+00	   0.0000000000000000e+00	   9.4174521458251281e-01	   0.0000000000000000e+00	   0.0000000000000000e+00	   0.0000000000000000e+00	   0.0000000000000000e+00	   1.0391874961313785e-01	   3.7476198105679370e-01	   7.8958736213148095e-01	   9.1404383056719496e-01	   0.0000000000000000e+00	   1.6454358838971339e-01	   0.0000000000000000e+00	   0.0000000000000000e+00	   0.0000000000000000e+00	   0.0000000000000000e+00	   9.4243632270717959e-01	   0.0000000000000000e+00	   6.2773325880691222e-01	   6.4463376223574187e-01	   7.5381882177242487e-01	   0.0000000000000000e+00	   3.8956593792312211e-01	   0.0000000000000000e+00	   0.0000000000000000e+00	   0.0000000000000000e+00	   4.9698238621018342e-01	   0.0000000000000000e+00	   0.0000000000000000e+00	   0.0000000000000000e+00	   6.1214058199160826e-01	   1.3897622176847935e-01	
   3.1077910557280097e-01	   0.0000000000000000e+00	   2.4110566513341525e-01	   9.9877905072078321e-01	   1.4208566657690658e-01	   3.1340214816541623e-01	   1.0000000000000000e+00	   0.0000000000000000e+00	   0.0000000000000000e+00	   0.0000000000000000e+00	   8.8280681886190648e-02	   0.0000000000000000e+00	   0.0000000000000000e+00	   3.6295809771412968e-01	   8.2785399261703663e-01	   0.0000000000000000e+00	   0.0000000000000000e+00	   7.1230858663311669e-01	   2.5656732731944620e-01	   5.2209385031818079e-01	   0.0000000000000000e+00	   9.6788335417032167e-01	   4.6831220731791345e-01	   1.4085143571311087e-01	   0.0000000000000000e+00	   7.4647644207085506e-01	   4.1517845906002804e-01	   7.4908646438846149e-01	   6.3832660891571580e-02	   0.0000000000000000e+00	   3.9053455780833468e-01	   0.0000000000000000e+00	   0.0000000000000000e+00	   0.0000000000000000e+00	   2.1990771727456793e-01	   3.6613403079609752e-01	   0.0000000000000000e+00	   7.5418991913003630e-01	   0.0000000000000000e+00	   0.0000000000000000e+00	   4.0316027072518357e-02	   5.4704811753220117e-01	   0.0000000000000000e+00	   9.5105591909460863e-01	   2.6494865009524693e-02	   1.3990644676774511e-01	   0.0000000000000000e+00	   8.4138641378569945e-01	   5.5892997056045768e-01	   9.3082633480653765e-01	   0.0000000000000000e+00	   6.7757145106448757e-01	   3.7505127655209647e-01	   5.8800991771068900e-02	   1.5604477682002738e-01	   0.0000000000000000e+00	   0.0000000000000000e+00	   0.0000000000000000e+00	   0.0000000000000000e+00	   8.6596706139835844e-01	   0.0000000000000000e+00	   1.1424220521040129e-01	   0.0000000000000000e+00	   0.0000000000000000e+00	   0.0000000000000000e+00	   0.0000000000000000e+00	   0.0000000000000000e+00	   7.2257147800444055e-01	   4.1692520331507887e-01	   2.6536633988266556e-02	   4.3263497607326373e-01	   0.0000000000000000e+00	   0.0000000000000000e+00	   5.1697815344379272e-01	   6.6242370313682819e-01	   0.0000000000000000e+00	   8.9160905988159034e-01	   7.4897000779650313e-01	   0.0000000000000000e+00	   0.0000000000000000e+00	   0.0000000000000000e+00	   0.0000000000000000e+00	   2.7237962060028220e-01	   1.1773074484603463e-01	   8.9716780357802939e-01	   2.0680831039711756e-01	   1.5265439598281638e-02	   0.0000000000000000e+00	   3.1825827548784724e-01	   8.8925680550114150e-01	   0.0000000000000000e+00	   0.0000000000000000e+00	   0.0000000000000000e+00	   6.0034823752768274e-01	   0.0000000000000000e+00	   5.5711690556185323e-01	   0.0000000000000000e+00	   2.5085030011693010e-01	   4.5702585044289812e-02	   2.7271612923371269e-01	
   0.0000000000000000e+00	   0.0000000000000000e+00	   4.6763258929024887e-02	   0.0000000000000000e+00	   0.0000000000000000e+00	   0.0000000000000000e+00	   0.0000000000000000e+00	   1.0000000000000000e+00	   1.1819747831126781e-01	   0.0000000000000000e+00	   4.9586210483280357e-01	   2.3968800163381465e-01	   3.2523919419871894e-01	   0.0000000000000000e+00	   0.0000000000000000e+00	   0.0000000000000000e+00	   9.0691844837265390e-01	   0.0000000000000000e+00	   3.6136823659402328e-01	   0.0000000000000000e+00	   0.0000000000000000e+00	   0.0000000000000000e+00	   3.0186804171942339e-01	   0.0000000000000000e+00	   0.0000000000000000e+00	   3.9493290262952918e-01	   0.0000000000000000e+00	   6.9907160373953192e-01	   9.9521028526285582e-01	   5.8349783874257022e-01	   0.0000000000000000e+00	   4.3520921991098072e-01	   4.5252458484721503e-01	   8.1455890022005595e-01	   0.0000000000000000e+00	   9.7417491090093733e-01	   0.0000000000000000e+00	   2.2068529242759327e-01	   0.0000000000000000e+00	   2.1365676842357384e-01	   0.0000000000000000e+00	   8.9064910551089627e-01	   0.0000000000000000e+00	   0.0000000000000000e+00	   8.9715473934899070e-01	   0.0000000000000000e+00	   5.3880398531236895e-01	   0.0000000000000000e+00	   5.4508880207703003e-01	   5.4608537225552578e-01	   1.3319217130747574e-01	   1.7660596421507047e-01	   3.3161188003685027e-01	   1.1779645970305641e-01	   4.9956340170642133e-01	   0.0000000000000000e+00	   0.0000000000000000e+00	   0.0000000000000000e+00	   1.5390478805788144e-02	   0.0000000000000000e+00	   0.0000000000000000e+00	   0.0000000000000000e+00	   2.7839148953543524e-01	   6.5939817376153487e-01	   0.0000000000000000e+00	   7.7518519299203614e-02	   7.1482697439595222e-01	   7.3269661168188160e-01	   3.9039422678160074e-01	   8.8207931098184156e-01	   2.0349442864907352e-01	   8.5496681775939498e-02	   1.7560765919782628e-01	   2.1227586404873011e-01	   5.0503132173918697e-01	   5.4966789558152385e-01	   2.1565433767048425e-01	   2.0776118710494906e-01	   0.0000000000000000e+00	   2.2727530616793279e-01	   6.3694453844038934e-02	   4.0927483329163827e-01	   0.0000000000000000e+00	   9.0287645731169586e-01	   0.0000000000000000e+00	   0.0000000000000000e+00	   0.0000000000000000e+00	   3.1858608329803773e-01	   0.0000000000000000e+00	   0.0000000000000000e+00	   4.5204100649576651e-01	   9.4635847090077962e-01	   0.0000000000000000e+00	   0.0000000000000000e+00	   6.7759105381772766e-03	   0.0000000000000000e+00	   9.0033899793475314e-01	   0.0000000000000000e+00	   8.2273233557101488e-01	   0.0000000000000000e+00	
   0.0000000000000000e+00	   0.0000000000000000e+00	   1.9485120387438137e-01	   0.0000000000000000e+00	   0.0000000000000000e+00	   0.0000000000000000e+00	   0.0000000000000000e+00	   1.1819747831126781e-01	   1.0000000000000000e+00	   2.6068033778492772e-01	   0.0000000000000000e+00	   0.0000000000000000e+00	   2.1086403589970715e-02	   0.0000000000000000e+00	   7.3729552140094701e-01	   0.0000000000000000e+00	   7.8053914761133281e-01	   0.0000000000000000e+00	   0.0000000000000000e+00	   2.7526181455591592e-01	   5.5389052428994157e-01	   2.4062159752570544e-01	   4.1254409814221371e-01	   0.0000000000000000e+00	   5.6982305081610585e-01	   0.0000000000000000e+00	   0.0000000000000000e+00	   9.5401941069687923e-01	   9.8952102541977682e-01	   0.0000000000000000e+00	   9.6127106563315123e-01	   8.2324407174108771e-01	   3.4364117597661692e-01	   2.5873738406732305e-01	   0.0000000000000000e+00	   0.0000000000000000e+00	   0.0000000000000000e+00	   1.9882149285051376e-01	   0.0000000000000000e+00	   0.0000000000000000e+00	   4.3260538899485246e-01	   0.0000000000000000e+00	   8.8959413500442663e-01	   8.2330503275494449e-01	   0.0000000000000000e+00	   5.6587662172766895e-02	   0.0000000000000000e+00	   1.9323598786463869e-01	   5.8490979820377142e-01	   0.0000000000000000e+00	   9.9415988201056904e-02	   9.2421101471590628e-01	   1.5623430358467361e-02	   5.5662141244662910e-01	   3.8171545906876903e-01	   0.0000000000000000e+00	   3.5918443139254108e-01	   0.0000000000000000e+00	   3.2582401556994822e-01	   6.6196896242683056e-01	   2.9564272603492026e-01	   6.3796094075962451e-01	   0.0000000000000000e+00	   0.0000000000000000e+00	   4.2859192553887204e-01	   0.0000000000000000e+00	   0.0000000000000000e+00	   9.6383472154270566e-01	   0.0000000000000000e+00	   0.0000000000000000e+00	   2.5521011332291943e-01	   1.0175731601361981e-02	   0.0000000000000000e+00	   0.0000000000000000e+00	   7.7162755307620468e-01	   0.0000000000000000e+00	   0.0000000000000000e+00	   0.0000000000000000e+00	   4.3162067283149907e-01	   6.3797068024458803e-01	   0.0000000000000000e+00	   3.9296820459192472e-02	   0.0000000000000000e+00	   7.8106172543811425e-01	   0.0000000000000000e+00	   0.0000000000000000e+00	   0.0000000000000000e+00	   0.0000000000000000e+00	   5.4641184947716326e-01	   3.8169151794284728e-01	   2.3118171272318166e-01	   7.2465306753603409e-02	   0.0000000000000000e+00	   0.0000000000000000e+00	   0.0000000000000000e+00	   5.9147702525724422e-01	   0.0000000000000000e+00	   1.6582166971179302e-01	   8.8464712462109596e-01	   0.0000000000000000e+00	
   0.0000000000000000e+00	   0.0000000000000000e+00	   5.3391211936287608e-01	   8.1731870151041552e-02	   5.6798498029646860e-01	   2.3011382914437617e-01	   0.0000000000000000e+00	   0.0000000000000000e+00	   2.6068033778492772e-01	   1.0000000000000000e+00	   6.6275506066227108e-01	   4.6204515004019886e-01	   0.0000000000000000e+00	   0.0000000000000000e+00	   0.0000000000000000e+00	   0.0000000000000000e+00	   7.2866847726745698e-01	   1.6813943661838904e-01	   8.7547851792909404e-01	   5.9870960023346553e-01	   3.9086594725296342e-01	   0.0000000000000000e+00	   5.9608712338624947e-01	   0.0000000000000000e+00	   1.0941120029447493e-01	   0.0000000000000000e+00	   0.0000000000000000e+00	   1.8212764898152634e-01	   0.0000000000000000e+00	   6.6858140130413868e-01	   0.0000000000000000e+00	   8.4179108396713964e-01	   0.0000000000000000e+00	   0.0000000000000000e+00	   8.8149143587775414e-01	   5.5444812272055566e-01	   9.3632372780751694e-01	   0.0000000000000000e+00	   1.3760955958809240e-01	   0.0000000000000000e+00	   9.5823656595193318e-01	   0.0000000000000000e+00	   0.0000000000000000e+00	   0.0000000000000000e+00	   8.8954599707239956e-02	   0.0000000000000000e+00	   5.9667783765429039e-01	   9.4887109954156079e-01	   9.2772485807316452e-03	   8.2151404898824032e-01	   9.2459274255231261e-02	   4.5239970456522505e-02	   1.6573689660001623e-01	   0.0000000000000000e+00	   0.0000000000000000e+00	   1.6969563903526619e-01	   2.3982575983425869e-01	   0.0000000000000000e+00	   7.3991994111098303e-01	   6.1988942589741081e-01	   0.0000000000000000e+00	   0.0000000000000000e+00	   0.0000000000000000e+00	   0.0000000000000000e+00	   7.1366644520646849e-01	   0.0000000000000000e+00	   0.0000000000000000e+00	   9.3555995305748096e-02	   0.0000000000000000e+00	   8.8563352226586345e-01	   4.5704481894442228e-01	   0.0000000000000000e+00	   0.0000000000000000e+00	   0.0000000000000000e+00	   0.0000000000000000e+00	   3.7191864677097997e-01	   6.1252751234568503e-01	   8.0560662403453898e-01	   0.0000000000000000e+00	   1.6487679024647839e-01	   5.8644330763609953e-01	   0.0000000000000000e+00	   0.0000000000000000e+00	   9.1007821626806940e-01	   3.8292954556601122e-01	   0.0000000000000000e+00	   5.0003985273730955e-01	   1.1953972954369907e-01	   0.0000000000000000e+00	   0.0000000000000000e+00	   7.6554559843635506e-01	   0.0000000000000000e+00	   6.8409496331052466e-01	   2.1015513488204551e-01	   0.0000000000000000e+00	   5.4728492559106368e-01	   9.6302168980132030e-01	   7.7978843337545189e-01	   0.0000000000000000e+00	   2.5905787036917260e-02	
   2.8775354765698402e-01	   2.1946010774490454e-01	   0.0000000000000000e+00	   5.8788111237583318e-02	   2.6284977885653538e-02	   1.6146882558749942e-01	   8.8280681886190648e-02	   4.9586210483280357e-01	   0.0000000000000000e+00	   6.6275506066227108e-01	   1.0000000000000000e+00	   0.0000000000000000e+00	   4.4451612138936925e-01	   0.0000000000000000e+00	   9.4081182535064256e-02	   0.0000000000000000e+00	   0.0000000000000000e+00	   5.4527020327314690e-01	   3.7512799528150820e-01	   9.6938551020811559e-01	   0.0000000000000000e+00	   9.6581946292933063e-01	   0.0000000000000000e+00	   0.0000000000000000e+00	   0.0000000000000000e+00	   3.8600772749058654e-01	   0.0000000000000000e+00	   0.0000000000000000e+00	   5.3140588087666552e-01	   0.0000000000000000e+00	   0.0000000000000000e+00	   0.0000000000000000e+00	   5.3108019419015451e-01	   3.8295263295209547e-01	   8.3572833016145043e-02	   0.0000000000000000e+00	   2.5160644588686931e-01	   0.0000000000000000e+00	   4.4350439286670695e-01	   9.9857702510350932e-01	   0.0000000000000000e+00	   2.5742598710372566e-01	   0.0000000000000000e+00	   6.9767664541850338e-01	   0.0000000000000000e+00	   0.0000000000000000e+00	   6.0973377077499025e-01	   1.6879271528742934e-01	   0.0000000000000000e+00	   0.0000000000000000e+00	   7.1974375042313365e-01	   2.7452193062959529e-01	   8.4676705091663340e-01	   3.9651300129974953e-01	   1.5832871059459663e-01	   4.1808881183623670e-01	   0.0000000000000000e+00	   1.4467205146256934e-01	   8.4684476929363584e-01	   0.0000000000000000e+00	   0.0000000000000000e+00	   9.3589938440794995e-02	   9.6850364226105468e-01	   1.2781997678476986e-02	   0.0000000000000000e+00	   8.4061859140772022e-01	   7.2672131646555660e-01	   7.8336984308400681e-01	   0.0000000000000000e+00	   5.0708803498208155e-01	   0.0000000000000000e+00	   5.2765464719720911e-01	   0.0000000000000000e+00	   7.8652294066435791e-01	   0.0000000000000000e+00	   7.2902766026782351e-01	   4.3564629965433543e-01	   0.0000000000000000e+00	   0.0000000000000000e+00	   6.9439143601749009e-01	   5.7588325729205903e-01	   4.5999254270971679e-01	   0.0000000000000000e+00	   1.3454092068759993e-01	   5.1448385077421943e-01	   7.5886954391850059e-01	   0.0000000000000000e+00	   6.2594524676921304e-01	   0.0000000000000000e+00	   0.0000000000000000e+00	   0.0000000000000000e+00	   0.0000000000000000e+00	   0.0000000000000000e+00	   0.0000000000000000e+00	   0.0000000000000000e+00	   0.0000000000000000e+00	   0.0000000000000000e+00	   9.8522440318613969e-01	   6.7219412227324626e-01	   1.4200074781134364e-01	
   1.2320907292628303e-01	   0.0000000000000000e+00	   0.0000000000000000e+00	   0.0000000000000000e+00	   3.6996519773415892e-02	   8.2888254341009326e-01	   0.0000000000000000e+00	   2.3968800163381465e-01	   0.0000000000000000e+00	   4.6204515004019886e-01	   0.0000000000000000e+00	   1.0000000000000000e+00	   7.5871890930349617e-01	   0.0000000000000000e+00	   1.1072037609264884e-01	   8.1954184089271775e-01	   1.0775895233028354e-02	   5.9551355731498379e-01	   4.0236341339227710e-01	   9.1969485330543299e-01	   0.0000000000000000e+00	   0.0000000000000000e+00	   0.0000000000000000e+00	   8.4573390373029944e-01	   6.1349015010709829e-01	   9.4726883199089729e-02	   0.0000000000000000e+00	   0.0000000000000000e+00	   0.0000000000000000e+00	   0.0000000000000000e+00	   0.0000000000000000e+00	   2.0981963516296831e-01	   0.0000000000000000e+00	   2.9275780843297838e-01	   7.6486212337396597e-01	   0.0000000000000000e+00	   7.1667207918696718e-01	   9.3965816390714918e-01	   0.0000000000000000e+00	   3.2591803415091158e-02	   2.1160161142221989e-01	   3.0602968342397541e-01	   0.0000000000000000e+00	   0.0000000000000000e+00	   0.0000000000000000e+00	   0.0000000000000000e+00	   0.0000000000000000e+00	   0.0000000000000000e+00	   7.5136331836994141e-01	   8.5531836045358989e-01	   0.0000000000000000e+00	   8.2653236816334186e-01	   6.1466835398638653e-01	   2.8830775046595203e-01	   0.0000000000000000e+00	   4.6253791389438526e-02	   1.0064252664870355e-01	   0.0000000000000000e+00	   3.5517429322034022e-01	   5.4424407595495494e-02	   0.0000000000000000e+00	   0.0000000000000000e+00	   3.4072177449649410e-01	   0.0000000000000000e+00	   0.0000000000000000e+00	   0.0000000000000000e+00	   9.7120397706512807e-01	   0.0000000000000000e+00	   0.0000000000000000e+00	   0.0000000000000000e+00	   6.9705837483490340e-01	   0.0000000000000000e+00	   8.1446992843989374e-01	   2.4530222874781027e-01	   1.9474713799880738e-01	   0.0000000000000000e+00	   0.0000000000000000e+00	   5.0315086025450761e-01	   0.0000000000000000e+00	   2.2790565590913747e-01	   0.0000000000000000e+00	   3.7532266517427315e-01	   0.0000000000000000e+00	   0.0000000000000000e+00	   0.0000000000000000e+00	   0.0000000000000000e+00	   1.0800005431786397e-01	   9.4145485773052939e-01	   7.7514917912198811e-01	   7.3066482625727680e-04	   2.4629220564809418e-01	   0.0000000000000000e+00	   0.0000000000000000e+00	   0.0000000000000000e+00	   5.7740029235015233e-01	   0.0000000000000000e+00	   2.8776532387264575e-01	   4.7895465684265448e-01	   3.8989374582135283e-01	   8.3989719709046640e-01	
   0.0000000000000000e+00	   2.3559595662355171e-01	   7.1328737687449140e-01	   0.0000000000000000e+00	   2.5773141232511909e-01	   2.9694553771772825e-01	   0.0000000000000000e+00	   3.2523919419871894e-01	   2.1086403589970715e-02	   0.0000000000000000e+00	   4.4451612138936925e-01	   7.5871890930349617e-01	   1.0000000000000000e+00	   4.1413322460590796e-01	   0.0000000000000000e+00	   9.5486984807074016e-01	   0.0000000000000000e+00	   0.0000000000000000e+00	   9.4996405305656784e-02	   0.0000000000000000e+00	   0.0000000000000000e+00	   2.1768403015198401e-01	   0.0000000000000000e+00	   7.9632483581368652e-01	   0.0000000000000000e+00	   0.0000000000000000e+00	   0.0000000000000000e+00	   0.0000000000000000e+00	   0.0000000000000000e+00	   7.6983328259528261e-01	   7.2066895356382088e-01	   0.0000000000000000e+00	   6.5728919817007303e-01	   0.0000000000000000e+00	   5.8795612435245503e-01	   4.7833893575828923e-01	   2.4011286812992272e-01	   1.4309135105858917e-01	   7.9516664423984240e-01	   9.7235985722792240e-02	   0.0000000000000000e+00	   4.7637405012897727e-01	   0.0000000000000000e+00	   2.8976296339884422e-01	   1.2433704473433260e-01	   0.0000000000000000e+00	   9.8684367982183019e-01	   0.0000000000000000e+00	   0.0000000000000000e+00	   1.0855538556191224e-01	   7.7801431327141934e-01	   0.0000000000000000e+00	   0.0000000000000000e+00	   0.0000000000000000e+00	   8.3764024923079738e-01	   1.3600883234003747e-01	   3.5146994749156724e-02	   7.3033723784067428e-01	   4.8750150185658747e-01	   0.0000000000000000e+00	   0.0000000000000000e+00	   9.1460581003903463e-01	   8.6116229670084166e-01	   4.8409744409016353e-02	   0.0000000000000000e+00	   2.7771725380427958e-01	   3.5824611566572073e-01	   5.0911680899555267e-01	   4.7496408328509621e-01	   0.0000000000000000e+00	   0.0000000000000000e+00	   0.0000000000000000e+00	   0.0000000000000000e+00	   0.0000000000000000e+00	   0.0000000000000000e+00	   0.0000000000000000e+00	   0.0000000000000000e+00	   9.5444061398762181e-01	   0.0000000000000000e+00	   1.0639332230732013e-01	   3.6076521968459385e-01	   9.7130838746871229e-02	   0.0000000000000000e+00	   0.0000000000000000e+00	   4.7762053084560652e-01	   0.0000000000000000e+00	   5.5086623854625760e-01	   4.4249449207987246e-01	   7.2978974820446396e-01	   0.0000000000000000e+00	   0.0000000000000000e+00	   7.1562965616779595e-01	   2.0204637722581764e-01	   0.0000000000000000e+00	   9.0215164473009346e-01	   0.0000000000000000e+00	   8.4849952366714332e-01	   0.0000000000000000e+00	   0.0000000000000000e+00	   9.6004782327048277e-01	
   0.0000000000000000e+00	   3.1982112888567482e-01	   0.0000000000000000e+00	   8.6526813657801083e-01	   0.0000000000000000e+00	   2.0716562228195534e-01	   3.6295809771412968e-01	   0.0000000000000000e+00	   0.0000000000000000e+00	   0.0000000000000000e+00	   0.0000000000000000e+00	   0.0000000000000000e+00	   4.1413322460590796e-01	   1.0000000000000000e+00	   3.2627377820798942e-02	   3.8725996306563037e-01	   0.0000000000000000e+00	   0.0000000000000000e+00	   0.0000000000000000e+00	   0.0000000000000000e+00	   6.2037809890879969e-01	   0.0000000000000000e+00	   0.0000000000000000e+00	   0.0000000000000000e+00	   0.0000000000000000e+00	   4.6193142437199775e-01	   2.6957594005960162e-01	   9.4572198867421298e-02	   0.0000000000000000e+00	   8.7025469154864432e-01	   3.8293858490012767e-03	   6.7934369145017026e-01	   2.4468350449311593e-01	   0.0000000000000000e+00	   8.3091776994330935e-01	   0.0000000000000000e+00	   6.0575081650887064e-01	   0.0000000000000000e+00	   1.7776794183466271e-01	   3.8564217709109694e-01	   2.9718602336810507e-01	   0.0000000000000000e+00	   0.0000000000000000e+00	   5.5301502461133178e-01	   0.0000000000000000e+00	   0.0000000000000000e+00	   0.0000000000000000e+00	   0.0000000000000000e+00	   6.4330592408277487e-01	   4.3469147839352118e-01	   0.0000000000000000e+00	   5.9528868124008971e-01	   3.8355002290714768e-01	   0.0000000000000000e+00	   5.9885557854890059e-01	   0.0000000000000000e+00	   9.3753861365630220e-01	   9.8283445573386707e-01	   8.0741451749241466e-01	   9.1164429913660916e-02	   0.0000000000000000e+00	   0.0000000000000000e+00	   0.0000000000000000e+00	   0.0000000000000000e+00	   9.4671580856078819e-01	   0.0000000000000000e+00	   3.7626666574246836e-01	   0.0000000000000000e+00	   0.0000000000000000e+00	   0.0000000000000000e+00	   9.4562933770296398e-01	   0.0000000000000000e+00	   0.0000000000000000e+00	   0.0000000000000000e+00	   9.5672174740195914e-01	   5.7668884436028311e-01	   8.7298986016403624e-02	   7.2101195924845263e-01	   1.5292346116065025e-01	   8.8671401330966437e-01	   0.0000000000000000e+00	   0.0000000000000000e+00	   6.0973352577284867e-03	   0.0000000000000000e+00	   0.0000000000000000e+00	   0.0000000000000000e+00	   5.7434474573475314e-01	   1.3189410002197255e-01	   3.1261044543840033e-01	   0.0000000000000000e+00	   7.2106482735355293e-01	   0.0000000000000000e+00	   0.0000000000000000e+00	   3.6217249021677322e-01	   3.8629247835152114e-01	   7.8614552645097979e-01	   6.6885962679389133e-01	   1.2157078649430986e-01	   0.0000000000000000e+00	   0.0000000000000000e+00	
   4.4596177736974096e-01	   3.0626257985851557e-01	   0.0000000000000000e+00	   0.0000000000000000e+00	   2.5303715003189242e-01	   9.4949822371422254e-01	   8.2785399261703663e-01	   0.0000000000000000e+00	   7.3729552140094701e-01	   0.0000000000000000e+00	   9.4081182535064256e-02	   1.1072037609264884e-01	   0.0000000000000000e+00	   3.2627377820798942e-02	   1.0000000000000000e+00	   0.0000000000000000e+00	   0.0000000000000000e+00	   1.5879569376835156e-01	   0.0000000000000000e+00	   7.4531281678069994e-01	   6.6069065338383759e-01	   8.0896540731975553e-01	   0.0000000000000000e+00	   6.0846037752725146e-01	   0.0000000000000000e+00	   3.6383656002086151e-01	   0.0000000000000000e+00	   0.0000000000000000e+00	   3.5940656903376211e-01	   4.6440995128606721e-01	   0.0000000000000000e+00	   0.0000000000000000e+00	   9.7491759050112625e-01	   0.0000000000000000e+00	   4.7919544148663451e-01	   0.0000000000000000e+00	   0.0000000000000000e+00	   5.2292482283398023e-01	   7.7326137878661549e-01	   0.0000000000000000e+00	   0.0000000000000000e+00	   0.0000000000000000e+00	   0.0000000000000000e+00	   0.0000000000000000e+00	   2.8984604709051953e-01	   0.0000000000000000e+00	   9.1355081773364810e-01	   0.0000000000000000e+00	   0.0000000000000000e+00	   0.0000000000000000e+00	   2.1508401720820147e-01	   0.0000000000000000e+00	   8.8160690198224967e-01	   0.0000000000000000e+00	   0.0000000000000000e+00	   2.4313238061164200e-01	   1.8230107632064962e-01	   5.5900506911592318e-01	   2.8875173358703210e-01	   0.0000000000000000e+00	   0.0000000000000000e+00	   5.8163839512323212e-01	   0.0000000000000000e+00	   0.0000000000000000e+00	   4.8806938770816011e-01	   0.0000000000000000e+00	   0.0000000000000000e+00	   0.0000000000000000e+00	   7.5101607368073775e-01	   4.8947499959164187e-01	   6.5473048048101534e-01	   4.9590708020409668e-01	   0.0000000000000000e+00	   8.0988040922381888e-01	   0.0000000000000000e+00	   0.0000000000000000e+00	   1.9350965100316897e-01	   9.6611042838246841e-01	   7.9660045777580291e-01	   0.0000000000000000e+00	   0.0000000000000000e+00	   0.0000000000000000e+00	   9.2385755147685122e-01	   7.4014558051563317e-02	   1.0364709866140631e-01	   0.0000000000000000e+00	   0.0000000000000000e+00	   0.0000000000000000e+00	   3.8319360108094158e-01	   9.9837443975958728e-02	   9.4429996144395068e-01	   0.0000000000000000e+00	   5.1624803012174714e-01	   0.0000000000000000e+00	   0.0000000000000000e+00	   0.0000000000000000e+00	   0.0000000000000000e+00	   3.6566310495156673e-01	   8.7366652053069682e-01	   3.2229519386841154e-01	
