   0.0000000000000000e+00	   0.0000000000000000e+00	   8.9459390340622846e-01	   3.0639977500498611e-01	   0.0000000000000000e+00	   7.9777354998048078e-01	   0.0000000000000000e+00	   8.9331000169620745e-01	   6.3630051782595520e-01	   0.0000000000000000e+00	   5.6448201215692706e-01	   0.0000000000000000e+00	   0.0000000000000000e+00	   0.0000000000000000e+00	   0.0000000000000000e+00	   3.6792362033080084e-01	   5.9224579124512666e-01	   0.0000000000000000e+00	   0.0000000000000000e+00	   0.0000000000000000e+00	   0.0000000000000000e+00	   5.0054497458650371e-01	   6.3831007634581305e-01	   6.7000763819983933e-01	   4.0130827423007082e-01	   7.3880471478498722e-01	   0.0000000000000000e+00	   7.8413384772239381e-01	   0.0000000000000000e+00	   0.0000000000000000e+00	   9.3494674261852806e-01	   8.1560613238360880e-01	   7.6027038077989784e-01	   0.0000000000000000e+00	   5.8472576528178566e-01	   0.0000000000000000e+00	   5.5701565838005263e-01	   0.0000000000000000e+00	   0.0000000000000000e+00	   0.0000000000000000e+00	   3.8700397356680016e-01	   0.0000000000000000e+00	   0.0000000000000000e+00	   7.0933702074388671e-01	   0.0000000000000000e+00	   4.0383974438723935e-01	   9.9624723282563776e-01	   8.4528453276783289e-01	   5.5979397550113574e-01	   6.2502009228804334e-01	
   0.0000000000000000e+00	   0.0000000000000000e+00	   0.0000000000000000e+00	   6.8270240088094858e-01	   0.0000000000000000e+00	   8.5238504295271644e-01	   0.0000000000000000e+00	   7.1218335490399254e-01	   7.8812759555948797e-01	   7.1005680406162841e-01	   8.2743222797355953e-01	   5.0585444971003968e-01	   8.4642678089102441e-01	   0.0000000000000000e+00	   5.2947671424615161e-01	   5.3441891355821791e-01	   0.0000000000000000e+00	   6.2093675979450424e-01	   0.0000000000000000e+00	   0.0000000000000000e+00	   0.0000000000000000e+00	   0.0000000000000000e+00	   8.1412149867612538e-01	   0.0000000000000000e+00	   5.6332919759567956e-01	   5.4320924143368632e-01	   3.1918415802452971e-01	   0.0000000000000000e+00	   5.4131320485622059e-01	   7.1236634828400081e-01	   8.5784486945441296e-01	   0.0000000000000000e+00	   0.0000000000000000e+00	   6.6558012439704006e-01	   0.0000000000000000e+00	   0.0000000000000000e+00	   5.9838072772802176e-01	   9.3895017411917148e-01	   0.0000000000000000e+00	   0.0000000000000000e+00	   7.0291573898940563e-01	   0.0000000000000000e+00	   0.0000000000000000e+00	   3.5809575562858481e-01	   0.0000000000000000e+00	   5.8045545671437782e-01	   8.8714508079923515e-01	   3.2230126746822579e-01	   3.2176950067969340e-01	   0.0000000000000000e+00	
   8.9459390340622846e-01	   0.0000000000000000e+00	   0.0000000000000000e+00	   5.9573263023088141e-01	   0.0000000000000000e+00	   6.4388822149348734e-01	   0.0000000000000000e+00	   0.0000000000000000e+00	   5.4462886069315342e-01	   0.0000000000000000e+00	   0.0000000000000000e+00	   9.1785206387473450e-01	   6.0826011595325968e-01	   8.4748413716474080e-01	   3.7083035290808392e-01	   5.8770655644069991e-01	   4.1993677642325933e-01	   9.1264094911271454e-01	   0.0000000000000000e+00	   7.5480592440837480e-01	   7.4253803503691151e-01	   7.9314807236700791e-01	   0.0000000000000000e+00	   0.0000000000000000e+00	   0.0000000000000000e+00	   0.0000000000000000e+00	   0.0000000000000000e+00	   6.3807697489399995e-01	   6.5315502941442682e-01	   5.8816977573787121e-01	   4.4517431353261377e-01	   0.0000000000000000e+00	   8.2416505371943227e-01	   0.0000000000000000e+00	   0.0000000000000000e+00	   0.0000000000000000e+00	   0.0000000000000000e+00	   0.0000000000000000e+00	   0.0000000000000000e+00	   0.0000000000000000e+00	   7.8133605603182099e-01	   0.0000000000000000e+00	   0.0000000000000000e+00	   7.8427190615696418e-01	   0.0000000000000000e+00	   5.8669441338797390e-01	   0.0000000000000000e+00	   5.9548190472048046e-01	   0.0000000000000000e+00	   3.4478598200496602e-01	
   3.0639977500498611e-01	   6.8270240088094858e-01	   5.9573263023088141e-01	   0.0000000000000000e+00	   0.0000000000000000e+00	   0.0000000000000000e+00	   0.0000000000000000e+00	   4.3535387014136673e-01	   4.7341791611954159e-01	   7.1924384237675887e-01	   0.0000000000000000e+00	   9.0830078214067211e-01	   0.0000000000000000e+00	   7.9557670318361673e-01	   0.0000000000000000e+00	   9.9418318887310608e-01	   0.0000000000000000e+00	   0.0000000000000000e+00	   6.6109379120228284e-01	   6.3186834610899267e-01	   0.0000000000000000e+00	   9.0562390486978339e-01	   6.4700033394111967e-01	   0.0000000000000000e+00	   3.2176837411336406e-01	   0.0000000000000000e+00	   8.8760064537666228e-01	   6.2801030831967708e-01	   6.7191253135055296e-01	   6.6515440079526544e-01	   6.9463669891442303e-01	   0.0000000000000000e+00	   0.0000000000000000e+00	   3.1986517427853861e-01	   0.0000000000000000e+00	   0.0000000000000000e+00	   0.0000000000000000e+00	   7.5857251188479125e-01	   8.6805486797101761e-01	   6.0872752860939172e-01	   0.0000000000000000e+00	   0.0000000000000000e+00	   8.2701182769213721e-01	   3.7618439107026697e-01	   0.0000000000000000e+00	   0.0000000000000000e+00	   0.0000000000000000e+00	   4.0793657215839874e-01	   4.1643264727588791e-01	   8.8147832084256939e-01	
   0.0000000000000000e+00	   0.0000000000000000e+00	   0.0000000000000000e+00	   0.0000000000000000e+00	   0.0000000000000000e+00	   0.0000000000000000e+00	   7.9215296666528290e-01	   0.0000000000000000e+00	   8.9791310657610302e-01	   0.0000000000000000e+00	   0.0000000000000000e+00	   0.0000000000000000e+00	   0.0000000000000000e+00	   8.4456441229993939e-01	   0.0000000000000000e+00	   0.0000000000000000e+00	   0.0000000000000000e+00	   0.0000000000000000e+00	   0.0000000000000000e+00	   0.0000000000000000e+00	   6.9483487513437736e-01	   0.0000000000000000e+00	   8.0702600729488383e-01	   9.5214938852550257e-01	   4.5783839771033552e-01	   3.5565631669823267e-01	   0.0000000000000000e+00	   6.5110337411744190e-01	   9.4974041861702951e-01	   0.0000000000000000e+00	   7.1969301536543506e-01	   0.0000000000000000e+00	   7.2789754283981778e-01	   0.0000000000000000e+00	   0.0000000000000000e+00	   4.0816195306389141e-01	   0.0000000000000000e+00	   9.6708950658333270e-01	   0.0000000000000000e+00	   7.7599556474923426e-01	   6.6449558605562076e-01	   9.8619210504330823e-01	   0.0000000000000000e+00	   0.0000000000000000e+00	   0.0000000000000000e+00	   5.9627745246939934e-01	   0.0000000000000000e+00	   0.0000000000000000e+00	   5.9421496055544676e-01	   0.0000000000000000e+00	
   7.9777354998048078e-01	   8.5238504295271644e-01	   6.4388822149348734e-01	   0.0000000000000000e+00	   0.0000000000000000e+00	   0.0000000000000000e+00	   0.0000000000000000e+00	   0.0000000000000000e+00	   9.1754228075944533e-01	   0.0000000000000000e+00	   4.0577242546638503e-01	   3.3000847248763654e-01	   3.9795047948771256e-01	   0.0000000000000000e+00	   6.5724543139446334e-01	   4.5316411114207822e-01	   0.0000000000000000e+00	   0.0000000000000000e+00	   6.2851227507453999e-01	   0.0000000000000000e+00	   0.0000000000000000e+00	   0.0000000000000000e+00	   9.9133975512122730e-01	   7.5829998135474019e-01	   0.0000000000000000e+00	   0.0000000000000000e+00	   0.0000000000000000e+00	   5.6656347597594015e-01	   4.7009442571731624e-01	   6.2282776850141564e-01	   0.0000000000000000e+00	   8.0434831762411729e-01	   7.0878865034512872e-01	   8.0029172738038556e-01	   3.5518712208631564e-01	   7.9026288155370961e-01	   9.1003764979695556e-01	   0.0000000000000000e+00	   7.4044709952721677e-01	   0.0000000000000000e+00	   0.0000000000000000e+00	   0.0000000000000000e+00	   0.0000000000000000e+00	   9.6220128693258888e-01	   6.8704727438298674e-01	   0.0000000000000000e+00	   7.0333686511488813e-01	   4.2268631656072664e-01	   0.0000000000000000e+00	   0.0000000000000000e+00	
   0.0000000000000000e+00	   0.0000000000000000e+00	   0.0000000000000000e+00	   0.0000000000000000e+00	   7.9215296666528290e-01	   0.0000000000000000e+00	   0.0000000000000000e+00	   9.5087387687939029e-01	   0.0000000000000000e+00	   0.0000000000000000e+00	   7.6682729216381673e-01	   7.7856041170368517e-01	   8.7563540238867454e-01	   0.0000000000000000e+00	   0.0000000000000000e+00	   5.5902801995689266e-01	   0.0000000000000000e+00	   7.5981786560146425e-01	   7.8870148302252807e-01	   0.0000000000000000e+00	   3.5244240156417056e-01	   0.0000000000000000e+00	   8.8245108127680938e-01	   0.0000000000000000e+00	   0.0000000000000000e+00	   5.5385254194667610e-01	   5.7852824807029957e-01	   0.0000000000000000e+00	   0.0000000000000000e+00	   0.0000000000000000e+00	   5.3626335751353460e-01	   0.0000000000000000e+00	   8.5404598598132431e-01	   6.0523080606692514e-01	   0.0000000000000000e+00	   0.0000000000000000e+00	   4.9647695303860628e-01	   0.0000000000000000e+00	   0.0000000000000000e+00	   0.0000000000000000e+00	   4.0129167479846750e-01	   0.0000000000000000e+00	   0.0000000000000000e+00	   6.3972939552489971e-01	   9.5788494045170336e-01	   0.0000000000000000e+00	   0.0000000000000000e+00	   0.0000000000000000e+00	   0.0000000000000000e+00	   8.4206729991035667e-01	
   8.9331000169620745e-01	   7.1218335490399254e-01	   0.0000000000000000e+00	   4.3535387014136673e-01	   0.0000000000000000e+00	   0.0000000000000000e+00	   9.5087387687939029e-01	   0.0000000000000000e+00	   0.0000000000000000e+00	   0.0000000000000000e+00	   3.9963799858720539e-01	   0.0000000000000000e+00	   0.0000000000000000e+00	   8.7261230626393904e-01	   0.0000000000000000e+00	   4.3433025582161233e-01	   0.0000000000000000e+00	   0.0000000000000000e+00	   5.6511307514359510e-01	   0.0000000000000000e+00	   8.2557215340581425e-01	   6.9857955874661593e-01	   9.9745874611099006e-01	   3.5118736359710429e-01	   8.7849985832297373e-01	   0.0000000000000000e+00	   7.6728788382261315e-01	   7.5283728378429637e-01	   7.0847474770611640e-01	   0.0000000000000000e+00	   4.0447517524472931e-01	   5.2655503417750404e-01	   0.0000000000000000e+00	   6.4380358943433091e-01	   0.0000000000000000e+00	   8.4491149605106131e-01	   6.4816920902512720e-01	   7.9331920805756262e-01	   0.0000000000000000e+00	   9.8332102426219548e-01	   0.0000000000000000e+00	   5.9056593555438752e-01	   0.0000000000000000e+00	   0.0000000000000000e+00	   0.0000000000000000e+00	   0.0000000000000000e+00	   6.0243100518311021e-01	   0.0000000000000000e+00	   0.0000000000000000e+00	   0.0000000000000000e+00	
   6.3630051782595520e-01	   7.8812759555948797e-01	   5.4462886069315342e-01	   4.7341791611954159e-01	   8.9791310657610302e-01	   9.1754228075944533e-01	   0.0000000000000000e+00	   0.0000000000000000e+00	   0.0000000000000000e+00	   0.0000000000000000e+00	   7.7117514565489409e-01	   4.8331642894591220e-01	   4.9012510769654771e-01	   3.9601144088579415e-01	   0.0000000000000000e+00	   4.2523943492998872e-01	   0.0000000000000000e+00	   0.0000000000000000e+00	   7.7725958045198418e-01	   8.8188422718653348e-01	   0.0000000000000000e+00	   8.3025937944039185e-01	   9.8058820533793800e-01	   8.5538128402507740e-01	   7.2141066875897153e-01	   0.0000000000000000e+00	   0.0000000000000000e+00	   0.0000000000000000e+00	   4.7050521307279558e-01	   0.0000000000000000e+00	   4.8565043488627624e-01	   0.0000000000000000e+00	   0.0000000000000000e+00	   0.0000000000000000e+00	   8.1581770289817657e-01	   0.0000000000000000e+00	   0.0000000000000000e+00	   0.0000000000000000e+00	   5.4639879918002798e-01	   7.6816092004555347e-01	   7.3682926157845374e-01	   0.0000000000000000e+00	   5.9872848886831276e-01	   0.0000000000000000e+00	   0.0000000000000000e+00	   9.5706527133058006e-01	   0.0000000000000000e+00	   5.0395982409400075e-01	   0.0000000000000000e+00	   0.0000000000000000e+00	
   0.0000000000000000e+00	   7.1005680406162841e-01	   0.0000000000000000e+00	   7.1924384237675887e-01	   0.0000000000000000e+00	   0.0000000000000000e+00	   0.0000000000000000e+00	   0.0000000000000000e+00	   0.0000000000000000e+00	   0.0000000000000000e+00	   0.0000000000000000e+00	   0.0000000000000000e+00	   8.7810624084353983e-01	   0.0000000000000000e+00	   6.9895797408362381e-01	   0.0000000000000000e+00	   3.3625988256803335e-01	   9.4494447454528685e-01	   0.0000000000000000e+00	   8.5041332613732701e-01	   0.0000000000000000e+00	   0.0000000000000000e+00	   7.2669878079718930e-01	   0.0000000000000000e+00	   0.0000000000000000e+00	   0.0000000000000000e+00	   0.0000000000000000e+00	   7.5010264140246541e-01	   0.0000000000000000e+00	   3.2505672820368214e-01	   0.0000000000000000e+00	   6.0506518830494005e-01	   0.0000000000000000e+00	   4.6981148974592635e-01	   0.0000000000000000e+00	   0.0000000000000000e+00	   0.0000000000000000e+00	   0.0000000000000000e+00	   4.1461387111776304e-01	   0.0000000000000000e+00	   8.2399434840578367e-01	   0.0000000000000000e+00	   3.8452263733497444e-01	   0.0000000000000000e+00	   0.0000000000000000e+00	   7.4499340849957085e-01	   9.1852007159291560e-01	   4.0075704746708307e-01	   0.0000000000000000e+00	   0.0000000000000000e+00	
   5.6448201215692706e-01	   8.2743222797355953e-01	   0.0000000000000000e+00	   0.0000000000000000e+00	   0.0000000000000000e+00	   4.0577242546638503e-01	   7.6682729216381673e-01	   3.9963799858720539e-01	   7.7117514565489409e-01	   0.0000000000000000e+00	   0.0000000000000000e+00	   7.2048389348505371e-01	   4.6541636932183533e-01	   9.5789986811942462e-01	   6.5210384407784072e-01	   9.6031144046188621e-01	   7.9759934279548006e-01	   3.8125581218506205e-01	   3.0456556376467159e-01	   0.0000000000000000e+00	   0.0000000000000000e+00	   0.0000000000000000e+00	   4.7486440942791164e-01	   4.6508480876679037e-01	   0.0000000000000000e+00	   8.0732275792859798e-01	   4.3617615992634728e-01	   4.0706204910009680e-01	   3.3414821455835225e-01	   5.0586884685888323e-01	   0.0000000000000000e+00	   3.4367638899471686e-01	   6.8625778689747041e-01	   3.4856893950387324e-01	   3.9050394750629108e-01	   0.0000000000000000e+00	   0.0000000000000000e+00	   4.9922349266635824e-01	   0.0000000000000000e+00	   0.0000000000000000e+00	   8.4408112366838139e-01	   0.0000000000000000e+00	   0.0000000000000000e+00	   0.0000000000000000e+00	   0.0000000000000000e+00	   7.0177772046092723e-01	   6.2881614309986267e-01	   0.0000000000000000e+00	   0.0000000000000000e+00	   9.3671660404190793e-01	
   0.0000000000000000e+00	   5.0585444971003968e-01	   9.1785206387473450e-01	   9.0830078214067211e-01	   0.0000000000000000e+00	   3.3000847248763654e-01	   7.7856041170368517e-01	   0.0000000000000000e+00	   4.8331642894591220e-01	   0.0000000000000000e+00	   7.2048389348505371e-01	   0.0000000000000000e+00	   0.0000000000000000e+00	   5.7716562500332369e-01	   3.3583481354396860e-01	   4.1145492616164092e-01	   0.0000000000000000e+00	   0.0000000000000000e+00	   0.0000000000000000e+00	   0.0000000000000000e+00	   0.0000000000000000e+00	   0.0000000000000000e+00	   9.7116897388245493e-01	   8.2738417549584065e-01	   0.0000000000000000e+00	   0.0000000000000000e+00	   5.6162236965005286e-01	   0.0000000000000000e+00	   0.0000000000000000e+00	   0.0000000000000000e+00	   5.2140123425959228e-01	   0.0000000000000000e+00	   9.4313850191655701e-01	   0.0000000000000000e+00	   0.0000000000000000e+00	   8.9969962606249676e-01	   4.0012327178215801e-01	   7.5177478177008661e-01	   0.0000000000000000e+00	   0.0000000000000000e+00	   6.1566691340028501e-01	   6.6316945126485849e-01	   9.2290619505057236e-01	   0.0000000000000000e+00	   6.2479719056615135e-01	   0.0000000000000000e+00	   6.7850594969456224e-01	   0.0000000000000000e+00	   6.5593842102897315e-01	   0.0000000000000000e+00	
   0.0000000000000000e+00	   8.4642678089102441e-01	   6.0826011595325968e-01	   0.0000000000000000e+00	   0.0000000000000000e+00	   3.9795047948771256e-01	   8.7563540238867454e-01	   0.0000000000000000e+00	   4.9012510769654771e-01	   8.7810624084353983e-01	   4.6541636932183533e-01	   0.0000000000000000e+00	   0.0000000000000000e+00	   5.6336267453807598e-01	   9.3897781451887918e-01	   0.0000000000000000e+00	   8.1938688034852580e-01	   5.8934389121582298e-01	   0.0000000000000000e+00	   5.7629154808557592e-01	   7.1699866241192090e-01	   0.0000000000000000e+00	   9.6833604940548179e-01	   0.0000000000000000e+00	   6.4458758393628302e-01	   0.0000000000000000e+00	   0.0000000000000000e+00	   0.0000000000000000e+00	   0.0000000000000000e+00	   0.0000000000000000e+00	   8.9342964154777782e-01	   3.5417454187288594e-01	   0.0000000000000000e+00	   4.9641184075145484e-01	   0.0000000000000000e+00	   0.0000000000000000e+00	   3.5535721877665111e-01	   0.0000000000000000e+00	   0.0000000000000000e+00	   0.0000000000000000e+00	   3.4219713158926374e-01	   0.0000000000000000e+00	   4.0782870417645500e-01	   4.0039654213608811e-01	   0.0000000000000000e+00	   0.0000000000000000e+00	   0.0000000000000000e+00	   0.0000000000000000e+00	   3.1616206754823323e-01	   7.9515275155272747e-01	
   0.0000000000000000e+00	   0.0000000000000000e+00	   8.4748413716474080e-01	   7.9557670318361673e-01	   8.4456441229993939e-01	   0.0000000000000000e+00	   0.0000000000000000e+00	   8.7261230626393904e-01	   3.9601144088579415e-01	   0.0000000000000000e+00	   9.5789986811942462e-01	   5.7716562500332369e-01	   5.6336267453807598e-01	   0.0000000000000000e+00	   4.9459869143631224e-01	   0.0000000000000000e+00	   9.7718633854613923e-01	   4.6587763180793257e-01	   9.0874680286691412e-01	   0.0000000000000000e+00	   9.2705814443935863e-01	   0.0000000000000000e+00	   0.0000000000000000e+00	   7.6272631986501394e-01	   0.0000000000000000e+00	   3.3629934946129930e-01	   0.0000000000000000e+00	   5.3458348924901888e-01	   0.0000000000000000e+00	   3.6274810030025983e-01	   5.7300606616530403e-01	   4.1281979904826183e-01	   3.7893753054467988e-01	   0.0000000000000000e+00	   6.0109392120041716e-01	   0.0000000000000000e+00	   6.5288606182277764e-01	   0.0000000000000000e+00	   0.0000000000000000e+00	   0.0000000000000000e+00	   0.0000000000000000e+00	   9.6572196394181731e-01	   0.0000000000000000e+00	   3.9171436561938933e-01	   8.0444761469120962e-01	   9.0800660465294358e-01	   8.6886110800560457e-01	   3.2655226480609223e-01	   0.0000000000000000e+00	   6.1591345361977634e-01	
   0.0000000000000000e+00	   5.2947671424615161e-01	   3.7083035290808392e-01	   0.0000000000000000e+00	   0.0000000000000000e+00	   6.5724543139446334e-01	   0.0000000000000000e+00	   0.0000000000000000e+00	   0.0000000000000000e+00	   6.9895797408362381e-01	   6.5210384407784072e-01	   3.3583481354396860e-01	   9.3897781451887918e-01	   4.9459869143631224e-01	   0.0000000000000000e+00	   0.0000000000000000e+00	   0.0000000000000000e+00	   3.1847110725213962e-01	   9.0349220604202651e-01	   0.0000000000000000e+00	   8.7490394996349008e-01	   0.0000000000000000e+00	   5.8622753663481375e-01	   4.0049985449887054e-01	   7.4864418841089719e-01	   6.0531557072306785e-01	   8.7396221071874391e-01	   0.0000000000000000e+00	   4.1783951545827391e-01	   0.0000000000000000e+00	   4.5268294616145244e-01	   8.6938244963169975e-01	   0.0000000000000000e+00	   0.0000000000000000e+00	   0.0000000000000000e+00	   6.2026134043757619e-01	   0.0000000000000000e+00	   4.9580726110382850e-01	   8.2306724632284767e-01	   0.0000000000000000e+00	   0.0000000000000000e+00	   3.9698904463183377e-01	   0.0000000000000000e+00	   0.0000000000000000e+00	   3.0819809493685973e-01	   0.0000000000000000e+00	   6.3088367805068946e-01	   5.6893126664682203e-01	   0.0000000000000000e+00	   3.0046016954675092e-01	
   3.6792362033080084e-01	   5.3441891355821791e-01	   5.8770655644069991e-01	   9.9418318887310608e-01	   0.0000000000000000e+00	   4.5316411114207822e-01	   5.5902801995689266e-01	   4.3433025582161233e-01	   4.2523943492998872e-01	   0.0000000000000000e+00	   9.6031144046188621e-01	   4.1145492616164092e-01	   0.0000000000000000e+00	   0.0000000000000000e+00	   0.0000000000000000e+00	   0.0000000000000000e+00	   0.0000000000000000e+00	   0.0000000000000000e+00	   6.6487739911489729e-01	   0.0000000000000000e+00	   7.6796566602656746e-01	   0.0000000000000000e+00	   0.0000000000000000e+00	   7.3501263179423959e-01	   9.4857368065765080e-01	   4.6100772221688346e-01	   3.6050628160843212e-01	   8.2562821624013849e-01	   0.0000000000000000e+00	   4.4334590271416974e-01	   3.6133832964960477e-01	   0.0000000000000000e+00	   0.0000000000000000e+00	   7.6531475887426770e-01	   0.0000000000000000e+00	   0.0000000000000000e+00	   0.0000000000000000e+00	   0.0000000000000000e+00	   6.2066956923069194e-01	   7.1562148854359120e-01	   6.9413893649223812e-01	   0.0000000000000000e+00	   6.9142748310518343e-01	   8.6176402113913575e-01	   8.8119136455826985e-01	   0.0000000000000000e+00	   7.3856250237101606e-01	   8.3271867524318210e-01	   0.0000000000000000e+00	   3.3337198644910154e-01	
   5.9224579124512666e-01	   0.0000000000000000e+00	   4.1993677642325933e-01	   0.0000000000000000e+00	   0.0000000000000000e+00	   0.0000000000000000e+00	   0.0000000000000000e+00	   0.0000000000000000e+00	   0.0000000000000000e+00	   3.3625988256803335e-01	   7.9759934279548006e-01	   0.0000000000000000e+00	   8.1938688034852580e-01	   9.7718633854613923e-01	   0.0000000000000000e+00	   0.0000000000000000e+00	   0.0000000000000000e+00	   9.4188455964687789e-01	   0.0000000000000000e+00	   0.0000000000000000e+00	   0.0000000000000000e+00	   0.0000000000000000e+00	   3.7318914371232959e-01	   0.0000000000000000e+00	   0.0000000000000000e+00	   6.0784048971418037e-01	   0.0000000000000000e+00	   0.0000000000000000e+00	   0.0000000000000000e+00	   0.0000000000000000e+00	   0.0000000000000000e+00	   4.6228558040098144e-01	   8.5739110648614592e-01	   7.2605765336142936e-01	   0.0000000000000000e+00	   8.4386476356452045e-01	   0.0000000000000000e+00	   0.0000000000000000e+00	   0.0000000000000000e+00	   9.5677295316010680e-01	   0.0000000000000000e+00	   0.0000000000000000e+00	   0.0000000000000000e+00	   6.1934040544820557e-01	   0.0000000000000000e+00	   9.6850359915831308e-01	   0.0000000000000000e+00	   0.0000000000000000e+00	   0.0000000000000000e+00	   0.0000000000000000e+00	
   0.0000000000000000e+00	   6.2093675979450424e-01	   9.1264094911271454e-01	   0.0000000000000000e+00	   0.0000000000000000e+00	   0.0000000000000000e+00	   7.5981786560146425e-01	   0.0000000000000000e+00	   0.0000000000000000e+00	   9.4494447454528685e-01	   3.8125581218506205e-01	   0.0000000000000000e+00	   5.8934389121582298e-01	   4.6587763180793257e-01	   3.1847110725213962e-01	   0.0000000000000000e+00	   9.4188455964687789e-01	   0.0000000000000000e+00	   0.0000000000000000e+00	   0.0000000000000000e+00	   9.9207204839064222e-01	   4.0431301461367403e-01	   9.7285861535519613e-01	   9.5361023923546617e-01	   0.0000000000000000e+00	   0.0000000000000000e+00	   8.3124477862465418e-01	   0.0000000000000000e+00	   0.0000000000000000e+00	   7.5320918744971532e-01	   0.0000000000000000e+00	   0.0000000000000000e+00	   0.0000000000000000e+00	   0.0000000000000000e+00	   5.3629149969315759e-01	   0.0000000000000000e+00	   0.0000000000000000e+00	   7.0129535446268876e-01	   4.1391544392089419e-01	   5.0088611003824191e-01	   6.1190736001267754e-01	   0.0000000000000000e+00	   8.4529242796023363e-01	   0.0000000000000000e+00	   0.0000000000000000e+00	   0.0000000000000000e+00	   6.7686110562745538e-01	   6.4902276502870460e-01	   0.0000000000000000e+00	   0.0000000000000000e+00	
   0.0000000000000000e+00	   0.0000000000000000e+00	   0.0000000000000000e+00	   6.6109379120228284e-01	   0.0000000000000000e+00	   6.2851227507453999e-01	   7.8870148302252807e-01	   5.6511307514359510e-01	   7.7725958045198418e-01	   0.0000000000000000e+00	   3.0456556376467159e-01	   0.0000000000000000e+00	   0.0000000000000000e+00	   9.0874680286691412e-01	   9.0349220604202651e-01	   6.6487739911489729e-01	   0.0000000000000000e+00	   0.0000000000000000e+00	   0.0000000000000000e+00	   6.3426010578059500e-01	   0.0000000000000000e+00	   0.0000000000000000e+00	   0.0000000000000000e+00	   0.0000000000000000e+00	   8.1244335473150042e-01	   0.0000000000000000e+00	   0.0000000000000000e+00	   0.0000000000000000e+00	   0.0000000000000000e+00	   7.9427280601117767e-01	   8.8137456808525116e-01	   0.0000000000000000e+00	   3.5211137365841083e-01	   0.0000000000000000e+00	   0.0000000000000000e+00	   0.0000000000000000e+00	   0.0000000000000000e+00	   0.0000000000000000e+00	   0.0000000000000000e+00	   0.0000000000000000e+00	   0.0000000000000000e+00	   6.8325404338939721e-01	   9.2031797320694064e-01	   5.3340397716440779e-01	   0.0000000000000000e+00	   8.0934550567960684e-01	   0.0000000000000000e+00	   0.0000000000000000e+00	   6.0333755664428024e-01	   3.3359175850978517e-01	
   0.0000000000000000e+00	   0.0000000000000000e+00	   7.5480592440837480e-01	   6.3186834610899267e-01	   0.0000000000000000e+00	   0.0000000000000000e+00	   0.0000000000000000e+00	   0.0000000000000000e+00	   8.8188422718653348e-01	   8.5041332613732701e-01	   0.0000000000000000e+00	   0.0000000000000000e+00	   5.7629154808557592e-01	   0.0000000000000000e+00	   0.0000000000000000e+00	   0.0000000000000000e+00	   0.0000000000000000e+00	   0.0000000000000000e+00	   6.3426010578059500e-01	   0.0000000000000000e+00	   6.4290880840258924e-01	   0.0000000000000000e+00	   0.0000000000000000e+00	   0.0000000000000000e+00	   7.0870290724088658e-01	   0.0000000000000000e+00	   0.0000000000000000e+00	   9.7260042187109197e-01	   5.8394457056665849e-01	   0.0000000000000000e+00	   7.6307353435391878e-01	   0.0000000000000000e+00	   8.8380548367452971e-01	   5.1705082528106605e-01	   4.6090861501018843e-01	   0.0000000000000000e+00	   5.0261285623850960e-01	   9.5719281033156745e-01	   3.6476777145230377e-01	   0.0000000000000000e+00	   0.0000000000000000e+00	   5.0292382742119357e-01	   3.7595803663497906e-01	   4.5104547125286992e-01	   0.0000000000000000e+00	   0.0000000000000000e+00	   4.1076854713771893e-01	   4.0960980848742401e-01	   0.0000000000000000e+00	   0.0000000000000000e+00	
   0.0000000000000000e+00	   0.0000000000000000e+00	   7.4253803503691151e-01	   0.0000000000000000e+00	   6.9483487513437736e-01	   0.0000000000000000e+00	   3.5244240156417056e-01	   8.2557215340581425e-01	   0.0000000000000000e+00	   0.0000000000000000e+00	   0.0000000000000000e+00	   0.0000000000000000e+00	   7.1699866241192090e-01	   9.2705814443935863e-01	   8.7490394996349008e-01	   7.6796566602656746e-01	   0.0000000000000000e+00	   9.9207204839064222e-01	   0.0000000000000000e+00	   6.4290880840258924e-01	   0.0000000000000000e+00	   0.0000000000000000e+00	   0.0000000000000000e+00	   0.0000000000000000e+00	   9.2110455975748629e-01	   5.3262002184259039e-01	   9.6167145556921851e-01	   0.0000000000000000e+00	   0.0000000000000000e+00	   8.9319750077273175e-01	   0.0000000000000000e+00	   0.0000000000000000e+00	   0.0000000000000000e+00	   0.0000000000000000e+00	   9.9701223056335353e-01	   0.0000000000000000e+00	   0.0000000000000000e+00	   0.0000000000000000e+00	   9.4122898665037025e-01	   0.0000000000000000e+00	   3.7759863496946067e-01	   9.5942346656853150e-01	   7.4513661806144382e-01	   0.0000000000000000e+00	   9.8955590312883501e-01	   6.0904967712768299e-01	   0.0000000000000000e+00	   0.0000000000000000e+00	   9.3697659253574628e-01	   8.6233197922045446e-01	
   5.0054497458650371e-01	   0.0000000000000000e+00	   7.9314807236700791e-01	   9.0562390486978339e-01	   0.0000000000000000e+00	   0.0000000000000000e+00	   0.0000000000000000e+00	   6.9857955874661593e-01	   8.3025937944039185e-01	   0.0000000000000000e+00	   0.0000000000000000e+00	   0.0000000000000000e+00	   0.0000000000000000e+00	   0.0000000000000000e+00	   0.0000000000000000e+00	   0.0000000000000000e+00	   0.0000000000000000e+00	   4.0431301461367403e-01	   0.0000000000000000e+00	   0.0000000000000000e+00	   0.0000000000000000e+00	   0.0000000000000000e+00	   6.3951128133450008e-01	   0.0000000000000000e+00	   7.5255799597950745e-01	   3.7654890744348046e-01	   0.0000000000000000e+00	   0.0000000000000000e+00	   0.0000000000000000e+00	   7.7260023541577438e-01	   9.6478669539500905e-01	   0.0000000000000000e+00	   0.0000000000000000e+00	   6.2857137479063996e-01	   0.0000000000000000e+00	   9.9013357913540445e-01	   0.0000000000000000e+00	   0.0000000000000000e+00	   0.0000000000000000e+00	   4.1295413456154773e-01	   7.9320537488237453e-01	   0.0000000000000000e+00	   5.3370040341735003e-01	   0.0000000000000000e+00	   8.4532029278754028e-01	   0.0000000000000000e+00	   0.0000000000000000e+00	   0.0000000000000000e+00	   0.0000000000000000e+00	   6.2840693445566786e-01	
   6.3831007634581305e-01	   8.1412149867612538e-01	   0.0000000000000000e+00	   6.4700033394111967e-01	   8.0702600729488383e-01	   9.9133975512122730e-01	   8.8245108127680938e-01	   9.9745874611099006e-01	   9.8058820533793800e-01	   7.2669878079718930e-01	   4.7486440942791164e-01	   9.7116897388245493e-01	   9.6833604940548179e-01	   0.0000000000000000e+00	   5.8622753663481375e-01	   0.0000000000000000e+00	   3.7318914371232959e-01	   9.7285861535519613e-01	   0.0000000000000000e+00	   0.0000000000000000e+00	   0.0000000000000000e+00	   6.3951128133450008e-01	   0.0000000000000000e+00	   0.0000000000000000e+00	   0.0000000000000000e+00	   0.0000000000000000e+00	   9.1594423190335039e-01	   3.7533684826836522e-01	   7.2155171503436488e-01	   7.8003206308450568e-01	   6.0316351537269519e-01	   8.3825226643125594e-01	   7.1064101801905022e-01	   0.0000000000000000e+00	   5.4764183557904333e-01	   0.0000000000000000e+00	   0.0000000000000000e+00	   4.6788585114316128e-01	   8.3638915575296657e-01	   0.0000000000000000e+00	   4.2043336725294522e-01	   0.0000000000000000e+00	   0.0000000000000000e+00	   0.0000000000000000e+00	   8.0457154135207598e-01	   0.0000000000000000e+00	   0.0000000000000000e+00	   8.8411100556958599e-01	   4.2508519913588338e-01	   5.7856626247782850e-01	
   6.7000763819983933e-01	   0.0000000000000000e+00	   0.0000000000000000e+00	   0.0000000000000000e+00	   9.5214938852550257e-01	   7.5829998135474019e-01	   0.0000000000000000e+00	   3.5118736359710429e-01	   8.5538128402507740e-01	   0.0000000000000000e+00	   4.6508480876679037e-01	   8.2738417549584065e-01	   0.0000000000000000e+00	   7.6272631986501394e-01	   4.0049985449887054e-01	   7.3501263179423959e-01	   0.0000000000000000e+00	   9.5361023923546617e-01	   0.0000000000000000e+00	   0.0000000000000000e+00	   0.0000000000000000e+00	   0.0000000000000000e+00	   0.0000000000000000e+00	   0.0000000000000000e+00	   3.8004120452311363e-01	   0.0000000000000000e+00	   0.0000000000000000e+00	   0.0000000000000000e+00	   0.0000000000000000e+00	   8.7024006509101715e-01	   0.0000000000000000e+00	   4.8935139104576286e-01	   0.0000000000000000e+00	   9.1321385761983942e-01	   4.9787485399601006e-01	   0.0000000000000000e+00	   0.0000000000000000e+00	   0.0000000000000000e+00	   6.4276871235059696e-01	   0.0000000000000000e+00	   0.0000000000000000e+00	   4.1040216420044884e-01	   3.0178314378718218e-01	   8.7979453382143746e-01	   8.1521760583805603e-01	   0.0000000000000000e+00	   5.2627131558227613e-01	   0.0000000000000000e+00	   0.0000000000000000e+00	   7.1735725212663304e-01	
   4.0130827423007082e-01	   5.6332919759567956e-01	   0.0000000000000000e+00	   3.2176837411336406e-01	   4.5783839771033552e-01	   0.0000000000000000e+00	   0.0000000000000000e+00	   8.7849985832297373e-01	   7.2141066875897153e-01	   0.0000000000000000e+00	   0.0000000000000000e+00	   0.0000000000000000e+00	   6.4458758393628302e-01	   0.0000000000000000e+00	   7.4864418841089719e-01	   9.4857368065765080e-01	   0.0000000000000000e+00	   0.0000000000000000e+00	   8.1244335473150042e-01	   7.0870290724088658e-01	   9.2110455975748629e-01	   7.5255799597950745e-01	   0.0000000000000000e+00	   3.8004120452311363e-01	   0.0000000000000000e+00	   7.3770571489212799e-01	   9.7904260409846811e-01	   5.1836182923228946e-01	   9.9384958777879207e-01	   0.0000000000000000e+00	   0.0000000000000000e+00	   0.0000000000000000e+00	   0.0000000000000000e+00	   6.2103253234854017e-01	   6.0455841473306027e-01	   9.8008326020828540e-01	   0.0000000000000000e+00	   6.5614180369090946e-01	   9.6436574660404628e-01	   8.3118099603401041e-01	   8.0229068063146314e-01	   7.0673863699093720e-01	   3.0462437856034824e-01	   0.0000000000000000e+00	   0.0000000000000000e+00	   0.0000000000000000e+00	   7.8663595626642913e-01	   3.1759756454603005e-01	   7.4502848122066057e-01	   7.2683658404948948e-01	
   7.3880471478498722e-01	   5.4320924143368632e-01	   0.0000000000000000e+00	   0.0000000000000000e+00	   3.5565631669823267e-01	   0.0000000000000000e+00	   5.5385254194667610e-01	   0.0000000000000000e+00	   0.0000000000000000e+00	   0.0000000000000000e+00	   8.0732275792859798e-01	   0.0000000000000000e+00	   0.0000000000000000e+00	   3.3629934946129930e-01	   6.0531557072306785e-01	   4.6100772221688346e-01	   6.0784048971418037e-01	   0.0000000000000000e+00	   0.0000000000000000e+00	   0.0000000000000000e+00	   5.3262002184259039e-01	   3.7654890744348046e-01	   0.0000000000000000e+00	   0.0000000000000000e+00	   7.3770571489212799e-01	   0.0000000000000000e+00	   5.9677457863387562e-01	   9.2753069057578053e-01	   0.0000000000000000e+00	   0.0000000000000000e+00	   9.0910345481288424e-01	   4.9667886524671390e-01	   0.0000000000000000e+00	   0.0000000000000000e+00	   0.0000000000000000e+00	   9.2504153465118155e-01	   8.4120669687633742e-01	   0.0000000000000000e+00	   5.9407541168899147e-01	   9.4130521321801264e-01	   0.0000000000000000e+00	   7.1039407932726384e-01	   6.6207517452993725e-01	   0.0000000000000000e+00	   9.1273973802012454e-01	   0.0000000000000000e+00	   7.2813746956253911e-01	   6.1320654426542964e-01	   3.9947440841898962e-01	   0.0000000000000000e+00	
   0.0000000000000000e+00	   3.1918415802452971e-01	   0.0000000000000000e+00	   8.8760064537666228e-01	   0.0000000000000000e+00	   0.0000000000000000e+00	   5.7852824807029957e-01	   7.6728788382261315e-01	   0.0000000000000000e+00	   0.0000000000000000e+00	   4.3617615992634728e-01	   5.6162236965005286e-01	   0.0000000000000000e+00	   0.0000000000000000e+00	   8.7396221071874391e-01	   3.6050628160843212e-01	   0.0000000000000000e+00	   8.3124477862465418e-01	   0.0000000000000000e+00	   0.0000000000000000e+00	   9.6167145556921851e-01	   0.0000000000000000e+00	   9.1594423190335039e-01	   0.0000000000000000e+00	   9.7904260409846811e-01	   5.9677457863387562e-01	   0.0000000000000000e+00	   8.7754576635072490e-01	   4.6227757464612773e-01	   0.0000000000000000e+00	   5.2529699534512431e-01	   6.8851018332105718e-01	   6.3973577034425977e-01	   0.0000000000000000e+00	   0.0000000000000000e+00	   0.0000000000000000e+00	   9.6820992492157099e-01	   0.0000000000000000e+00	   0.0000000000000000e+00	   5.0979474851084139e-01	   0.0000000000000000e+00	   8.4183299499237152e-01	   0.0000000000000000e+00	   0.0000000000000000e+00	   0.0000000000000000e+00	   6.2255055844079510e-01	   5.5103236620323126e-01	   5.0741549452247292e-01	   7.3824646550009043e-01	   0.0000000000000000e+00	
   7.8413384772239381e-01	   0.0000000000000000e+00	   6.3807697489399995e-01	   6.2801030831967708e-01	   6.5110337411744190e-01	   5.6656347597594015e-01	   0.0000000000000000e+00	   7.5283728378429637e-01	   0.0000000000000000e+00	   7.5010264140246541e-01	   4.0706204910009680e-01	   0.0000000000000000e+00	   0.0000000000000000e+00	   5.3458348924901888e-01	   0.0000000000000000e+00	   8.2562821624013849e-01	   0.0000000000000000e+00	   0.0000000000000000e+00	   0.0000000000000000e+00	   9.7260042187109197e-01	   0.0000000000000000e+00	   0.0000000000000000e+00	   3.7533684826836522e-01	   0.0000000000000000e+00	   5.1836182923228946e-01	   9.2753069057578053e-01	   8.7754576635072490e-01	   0.0000000000000000e+00	   4.9292623617768738e-01	   0.0000000000000000e+00	   0.0000000000000000e+00	   0.0000000000000000e+00	   9.0894660092703150e-01	   3.5703255348442081e-01	   6.5132765572411278e-01	   7.5765839718392392e-01	   0.0000000000000000e+00	   5.2978467042350563e-01	   7.5846257851704668e-01	   0.0000000000000000e+00	   4.5243284591182609e-01	   4.6855438710369934e-01	   4.8120300025023133e-01	   5.0971910924324559e-01	   3.4293183999349419e-01	   0.0000000000000000e+00	   4.0935476389526904e-01	   3.2967222965130083e-01	   3.6550096561316714e-01	   8.5436003082031542e-01	
   0.0000000000000000e+00	   5.4131320485622059e-01	   6.5315502941442682e-01	   6.7191253135055296e-01	   9.4974041861702951e-01	   4.7009442571731624e-01	   0.0000000000000000e+00	   7.0847474770611640e-01	   4.7050521307279558e-01	   0.0000000000000000e+00	   3.3414821455835225e-01	   0.0000000000000000e+00	   0.0000000000000000e+00	   0.0000000000000000e+00	   4.1783951545827391e-01	   0.0000000000000000e+00	   0.0000000000000000e+00	   0.0000000000000000e+00	   0.0000000000000000e+00	   5.8394457056665849e-01	   0.0000000000000000e+00	   0.0000000000000000e+00	   7.2155171503436488e-01	   0.0000000000000000e+00	   9.9384958777879207e-01	   0.0000000000000000e+00	   4.6227757464612773e-01	   4.9292623617768738e-01	   0.0000000000000000e+00	   0.0000000000000000e+00	   7.2144311979377906e-01	   8.2405771281432427e-01	   3.6577781854536962e-01	   0.0000000000000000e+00	   5.4087583411055440e-01	   5.4805260998823790e-01	   5.4658618537599635e-01	   0.0000000000000000e+00	   0.0000000000000000e+00	   0.0000000000000000e+00	   0.0000000000000000e+00	   6.6758725322883827e-01	   8.7919807128430882e-01	   7.7767357857797470e-01	   0.0000000000000000e+00	   5.5539992585612064e-01	   4.8036993419212748e-01	   0.0000000000000000e+00	   8.4266736896796623e-01	   3.2665627180163637e-01	
   0.0000000000000000e+00	   7.1236634828400081e-01	   5.8816977573787121e-01	   6.6515440079526544e-01	   0.0000000000000000e+00	   6.2282776850141564e-01	   0.0000000000000000e+00	   0.0000000000000000e+00	   0.0000000000000000e+00	   3.2505672820368214e-01	   5.0586884685888323e-01	   0.0000000000000000e+00	   0.0000000000000000e+00	   3.6274810030025983e-01	   0.0000000000000000e+00	   4.4334590271416974e-01	   0.0000000000000000e+00	   7.5320918744971532e-01	   7.9427280601117767e-01	   0.0000000000000000e+00	   8.9319750077273175e-01	   7.7260023541577438e-01	   7.8003206308450568e-01	   8.7024006509101715e-01	   0.0000000000000000e+00	   0.0000000000000000e+00	   0.0000000000000000e+00	   0.0000000000000000e+00	   0.0000000000000000e+00	   0.0000000000000000e+00	   0.0000000000000000e+00	   9.6999378929739422e-01	   0.0000000000000000e+00	   7.0551275049986284e-01	   0.0000000000000000e+00	   0.0000000000000000e+00	   7.5277234628269141e-01	   0.0000000000000000e+00	   0.0000000000000000e+00	   9.8290993976103858e-01	   0.0000000000000000e+00	   6.8776710691440424e-01	   0.0000000000000000e+00	   8.2697106838353762e-01	   3.7061300816921267e-01	   0.0000000000000000e+00	   6.2804738897499202e-01	   0.0000000000000000e+00	   0.0000000000000000e+00	   0.0000000000000000e+00	
