   0.0000000000000000e+00	   5.9288815138873874e-01	   0.0000000000000000e+00	   8.3005050485804999e-01	   8.6505319177814011e-01	   5.0738990365185144e-01	   0.0000000000000000e+00	   9.0276603442899739e-01	   8.0139649423743409e-01	   7.2798815977066389e-01	   4.4080183366899872e-01	   7.8392484071477031e-01	   0.0000000000000000e+00	   9.6739627304550901e-01	   3.4287085758095159e-01	   3.6132226979636012e-01	   6.8664954161909819e-01	   0.0000000000000000e+00	   0.0000000000000000e+00	   9.5826914410046471e-01	   9.2946261226418203e-01	   0.0000000000000000e+00	   3.6569315498163990e-01	   0.0000000000000000e+00	   5.3324391694258944e-01	   8.0616941087447902e-01	   0.0000000000000000e+00	   6.0544931233826693e-01	   0.0000000000000000e+00	   3.3874337777625962e-01	   0.0000000000000000e+00	   9.3929983498331926e-01	   0.0000000000000000e+00	   7.7283609294054578e-01	   5.8652605204408625e-01	   4.1444642316274460e-01	   0.0000000000000000e+00	   0.0000000000000000e+00	   4.3727595786796936e-01	   0.0000000000000000e+00	   0.0000000000000000e+00	   4.2727409697688168e-01	   7.1090719918711165e-01	   8.5713403556664791e-01	   3.1284624235216790e-01	   4.8322896832759027e-01	   6.9571875358780200e-01	   7.4408793624573444e-01	   3.1850308134037658e-01	   9.5592932143765275e-01	
   5.9288815138873874e-01	   0.0000000000000000e+00	   0.0000000000000000e+00	   3.8180760225839644e-01	   9.0062735858497223e-01	   4.0187546606273328e-01	   4.6367622748844739e-01	   0.0000000000000000e+00	   6.9579552325688820e-01	   9.7393277137655687e-01	   7.7981018722235396e-01	   4.8186689170835384e-01	   0.0000000000000000e+00	   6.5260736973126610e-01	   8.7078814368056934e-01	   7.7855413646161753e-01	   4.9528287818540884e-01	   4.1915578167400430e-01	   5.3686127277466666e-01	   0.0000000000000000e+00	   0.0000000000000000e+00	   0.0000000000000000e+00	   9.9168629772663275e-01	   0.0000000000000000e+00	   3.0442576942561872e-01	   9.0617789260182025e-01	   4.9350973397797049e-01	   8.4299901740329419e-01	   0.0000000000000000e+00	   0.0000000000000000e+00	   6.2400786988359824e-01	   7.3375268735361932e-01	   7.8719061106395138e-01	   4.6069527094378926e-01	   0.0000000000000000e+00	   0.0000000000000000e+00	   8.2614639232856613e-01	   6.3843225934255865e-01	   7.5619371406724611e-01	   0.0000000000000000e+00	   7.7899328872130802e-01	   6.9008860150074769e-01	   6.1705840164404879e-01	   3.2891411145468225e-01	   0.0000000000000000e+00	   4.3115423455008695e-01	   4.5570341335695402e-01	   0.0000000000000000e+00	   0.0000000000000000e+00	   0.0000000000000000e+00	
   0.0000000000000000e+00	   0.0000000000000000e+00	   0.0000000000000000e+00	   5.4419334438129419e-01	   6.6980670162502065e-01	   0.0000000000000000e+00	   6.5981288316059816e-01	   5.0718551909647669e-01	   0.0000000000000000e+00	   0.0000000000000000e+00	   0.0000000000000000e+00	   3.5568019940583606e-01	   8.4790395080473346e-01	   7.8898762534804767e-01	   9.7097329000851307e-01	   4.2031721375239006e-01	   7.4781017659156168e-01	   0.0000000000000000e+00	   4.4780274641481244e-01	   0.0000000000000000e+00	   0.0000000000000000e+00	   7.8748423120390521e-01	   7.5221147889092366e-01	   0.0000000000000000e+00	   0.0000000000000000e+00	   4.2594436443974182e-01	   5.6368669043048203e-01	   8.2074696141090508e-01	   4.4130589163116890e-01	   9.0801625112977580e-01	   0.0000000000000000e+00	   5.9853893462746410e-01	   3.2852329665629681e-01	   7.0903009649111215e-01	   0.0000000000000000e+00	   9.3761614576888119e-01	   0.0000000000000000e+00	   9.2635780295323311e-01	   4.5316910978852043e-01	   3.2365864567189950e-01	   3.2804576207420477e-01	   0.0000000000000000e+00	   4.7794137329447162e-01	   4.2399848631201126e-01	   4.5133854765742865e-01	   0.0000000000000000e+00	   8.4440330098928751e-01	   3.0466742853691720e-01	   9.5821203320308368e-01	   6.4757818184400351e-01	
   8.3005050485804999e-01	   3.8180760225839644e-01	   5.4419334438129419e-01	   0.0000000000000000e+00	   5.2288646022183638e-01	   0.0000000000000000e+00	   0.0000000000000000e+00	   7.0159135362802405e-01	   0.0000000000000000e+00	   3.8909333231419102e-01	   0.0000000000000000e+00	   5.0088168674033207e-01	   8.5635481396517688e-01	   0.0000000000000000e+00	   7.0994501436909641e-01	   7.1327865538190749e-01	   7.7987047906087736e-01	   8.2384870474201799e-01	   8.3428806657220100e-01	   6.9302687852925837e-01	   5.4902506960263375e-01	   5.9854488507913217e-01	   0.0000000000000000e+00	   6.1602203439571190e-01	   4.6765558222843240e-01	   0.0000000000000000e+00	   0.0000000000000000e+00	   8.3418242469714565e-01	   0.0000000000000000e+00	   5.8596483117996390e-01	   0.0000000000000000e+00	   0.0000000000000000e+00	   7.0773340121176442e-01	   9.8233982326973424e-01	   6.1360006118171662e-01	   4.5165440286514968e-01	   0.0000000000000000e+00	   8.6109325890451482e-01	   0.0000000000000000e+00	   3.5714620853591833e-01	   0.0000000000000000e+00	   8.7060779133762889e-01	   5.9961404400642482e-01	   0.0000000000000000e+00	   7.4769300790406001e-01	   7.3946908119048094e-01	   5.8341799529554927e-01	   3.8912183826072044e-01	   9.9027754069992269e-01	   0.0000000000000000e+00	
   8.6505319177814011e-01	   9.0062735858497223e-01	   6.6980670162502065e-01	   5.2288646022183638e-01	   0.0000000000000000e+00	   0.0000000000000000e+00	   0.0000000000000000e+00	   0.0000000000000000e+00	   0.0000000000000000e+00	   8.7357318772998704e-01	   0.0000000000000000e+00	   9.7061189159568473e-01	   3.3734129320992251e-01	   0.0000000000000000e+00	   4.3922267761693934e-01	   5.3170542446550673e-01	   7.3109824119789069e-01	   5.1268639759742896e-01	   8.0866019984033377e-01	   0.0000000000000000e+00	   0.0000000000000000e+00	   0.0000000000000000e+00	   0.0000000000000000e+00	   5.6985990076208104e-01	   9.0677773172633569e-01	   0.0000000000000000e+00	   0.0000000000000000e+00	   6.8552412687942899e-01	   0.0000000000000000e+00	   0.0000000000000000e+00	   4.8377930208029574e-01	   4.9980312115689840e-01	   4.4411991155550790e-01	   4.5286036553048792e-01	   9.1755820231361551e-01	   9.3203410406910181e-01	   8.2582336234394482e-01	   0.0000000000000000e+00	   0.0000000000000000e+00	   0.0000000000000000e+00	   0.0000000000000000e+00	   9.2375930654727556e-01	   0.0000000000000000e+00	   8.7945453270690233e-01	   6.0731129258402849e-01	   0.0000000000000000e+00	   4.2232206572962816e-01	   0.0000000000000000e+00	   3.7266978018852770e-01	   0.0000000000000000e+00	
   5.0738990365185144e-01	   4.0187546606273328e-01	   0.0000000000000000e+00	   0.0000000000000000e+00	   0.0000000000000000e+00	   0.0000000000000000e+00	   7.4604246112633876e-01	   6.9814986138820467e-01	   0.0000000000000000e+00	   5.5271756437264696e-01	   0.0000000000000000e+00	   8.9769471047798555e-01	   3.2960449608793269e-01	   0.0000000000000000e+00	   0.0000000000000000e+00	   6.0212970126124210e-01	   6.0495364348464276e-01	   6.2314665946231518e-01	   6.0892020997711760e-01	   3.5703232690930325e-01	   0.0000000000000000e+00	   9.7121281268976056e-01	   3.1047996721154852e-01	   0.0000000000000000e+00	   8.9568921434822424e-01	   3.1636754537442563e-01	   0.0000000000000000e+00	   8.4841699163590656e-01	   0.0000000000000000e+00	   0.0000000000000000e+00	   6.1397515044639661e-01	   4.7143929156864084e-01	   0.0000000000000000e+00	   8.1704210142420153e-01	   9.8407982530777360e-01	   9.3566601077680045e-01	   0.0000000000000000e+00	   0.0000000000000000e+00	   3.4583056308512261e-01	   7.8642131820146588e-01	   0.0000000000000000e+00	   0.0000000000000000e+00	   0.0000000000000000e+00	   8.1621183985435919e-01	   0.0000000000000000e+00	   0.0000000000000000e+00	   0.0000000000000000e+00	   8.6335097247351977e-01	   6.9447535429445018e-01	   4.6887515448752165e-01	
   0.0000000000000000e+00	   4.6367622748844739e-01	   6.5981288316059816e-01	   0.0000000000000000e+00	   0.0000000000000000e+00	   7.4604246112633876e-01	   0.0000000000000000e+00	   6.7839414423416078e-01	   6.2068189720296829e-01	   4.7607364675826103e-01	   4.9513521604577382e-01	   0.0000000000000000e+00	   4.2633306153729089e-01	   6.6062854059099729e-01	   5.3584176192332733e-01	   0.0000000000000000e+00	   8.7326905634031959e-01	   3.3847425471724624e-01	   3.8545755887325234e-01	   4.8543804362296789e-01	   0.0000000000000000e+00	   6.1118012301046210e-01	   0.0000000000000000e+00	   4.5274163777889032e-01	   9.8494554580389115e-01	   6.7422456863505031e-01	   3.2991069823932301e-01	   8.8939951865224609e-01	   0.0000000000000000e+00	   7.0363428432224828e-01	   0.0000000000000000e+00	   4.3624800842487665e-01	   0.0000000000000000e+00	   9.6146521481393821e-01	   7.1433709452673844e-01	   0.0000000000000000e+00	   5.7308135957459450e-01	   0.0000000000000000e+00	   4.2249887660052632e-01	   3.6517099750796300e-01	   0.0000000000000000e+00	   0.0000000000000000e+00	   4.6524103816086687e-01	   7.4112462797542566e-01	   9.0241646335060888e-01	   5.1572039378763379e-01	   8.6276077040750732e-01	   8.7791196287231488e-01	   6.0753167183119539e-01	   7.8117342744171148e-01	
   9.0276603442899739e-01	   0.0000000000000000e+00	   5.0718551909647669e-01	   7.0159135362802405e-01	   0.0000000000000000e+00	   6.9814986138820467e-01	   6.7839414423416078e-01	   0.0000000000000000e+00	   9.1308167090434766e-01	   8.5598301537617516e-01	   6.4560513740261039e-01	   6.1413440695339083e-01	   0.0000000000000000e+00	   0.0000000000000000e+00	   0.0000000000000000e+00	   0.0000000000000000e+00	   7.0523668508664916e-01	   4.1380346343443630e-01	   7.9009826163121011e-01	   7.2490850895761938e-01	   4.4019514542954519e-01	   4.8006492949027468e-01	   4.8326596895444385e-01	   0.0000000000000000e+00	   8.7698322328119782e-01	   5.3087912153148609e-01	   3.0902210752602449e-01	   6.6316003707517046e-01	   4.0763656978412566e-01	   8.8555431568116338e-01	   7.2271914632764056e-01	   3.9461127634212845e-01	   5.7413073061575193e-01	   3.3098630763037012e-01	   7.3372661567185671e-01	   5.8636831853420102e-01	   9.9751257861739107e-01	   3.5504858960789204e-01	   4.0491178004294415e-01	   4.0947549029816505e-01	   0.0000000000000000e+00	   0.0000000000000000e+00	   3.2235481386539666e-01	   3.9845267635887210e-01	   3.4863831487555502e-01	   0.0000000000000000e+00	   9.3988799441970827e-01	   5.2977402517873684e-01	   6.7647793752211227e-01	   0.0000000000000000e+00	
   8.0139649423743409e-01	   6.9579552325688820e-01	   0.0000000000000000e+00	   0.0000000000000000e+00	   0.0000000000000000e+00	   0.0000000000000000e+00	   6.2068189720296829e-01	   9.1308167090434766e-01	   0.0000000000000000e+00	   5.2234254984002093e-01	   5.7295959176540134e-01	   3.8538107390139098e-01	   6.3863476966336830e-01	   7.8669823132609284e-01	   4.2435962891536938e-01	   0.0000000000000000e+00	   5.5108038989454777e-01	   7.6791172006273356e-01	   9.8204823933458507e-01	   5.8885214768154581e-01	   0.0000000000000000e+00	   5.8664205757225729e-01	   9.9431643311351281e-01	   5.5939294781962112e-01	   3.3451799982375890e-01	   4.7611697812756615e-01	   0.0000000000000000e+00	   6.3396841995616793e-01	   7.5902413327404539e-01	   3.5364250396472280e-01	   6.2806031095867809e-01	   7.5134074320537136e-01	   0.0000000000000000e+00	   0.0000000000000000e+00	   7.8197718707748609e-01	   0.0000000000000000e+00	   3.2202777826386597e-01	   0.0000000000000000e+00	   4.2600080569733217e-01	   0.0000000000000000e+00	   7.3396352675445797e-01	   0.0000000000000000e+00	   4.9241562214134538e-01	   9.4994330603947330e-01	   6.7308509573887387e-01	   5.2127244776434489e-01	   9.0290408816051748e-01	   0.0000000000000000e+00	   8.2976754476028369e-01	   0.0000000000000000e+00	
   7.2798815977066389e-01	   9.7393277137655687e-01	   0.0000000000000000e+00	   3.8909333231419102e-01	   8.7357318772998704e-01	   5.5271756437264696e-01	   4.7607364675826103e-01	   8.5598301537617516e-01	   5.2234254984002093e-01	   0.0000000000000000e+00	   0.0000000000000000e+00	   4.5975592359539441e-01	   8.5358024461416182e-01	   6.4790993683795928e-01	   0.0000000000000000e+00	   4.7069195719703538e-01	   4.2396420338034402e-01	   5.3565824991463584e-01	   5.2580236458089158e-01	   6.8288565836825454e-01	   4.3655337105110953e-01	   0.0000000000000000e+00	   0.0000000000000000e+00	   0.0000000000000000e+00	   9.2363479625922595e-01	   3.4968861611056656e-01	   0.0000000000000000e+00	   6.0792295766748505e-01	   0.0000000000000000e+00	   4.1863781480428264e-01	   0.0000000000000000e+00	   4.2546586392544194e-01	   4.9078763594389851e-01	   0.0000000000000000e+00	   3.0110203597077356e-01	   0.0000000000000000e+00	   0.0000000000000000e+00	   5.2053250037824550e-01	   8.7034649421134302e-01	   0.0000000000000000e+00	   0.0000000000000000e+00	   9.5223041258426178e-01	   6.3026082148866558e-01	   6.6380434711983760e-01	   9.2689098144897186e-01	   0.0000000000000000e+00	   9.4845623214031782e-01	   4.0762460519948829e-01	   5.8089063987010958e-01	   9.3298659459083888e-01	
   4.4080183366899872e-01	   7.7981018722235396e-01	   0.0000000000000000e+00	   0.0000000000000000e+00	   0.0000000000000000e+00	   0.0000000000000000e+00	   4.9513521604577382e-01	   6.4560513740261039e-01	   5.7295959176540134e-01	   0.0000000000000000e+00	   0.0000000000000000e+00	   8.6689412076308003e-01	   0.0000000000000000e+00	   0.0000000000000000e+00	   0.0000000000000000e+00	   4.9606274392163718e-01	   8.9018349029991306e-01	   8.9029458017056129e-01	   0.0000000000000000e+00	   8.3586959626186963e-01	   6.7931096264850943e-01	   6.5907640039403204e-01	   0.0000000000000000e+00	   0.0000000000000000e+00	   5.4150834604430687e-01	   3.5992748968523475e-01	   0.0000000000000000e+00	   7.9992901131644900e-01	   7.2337140900459662e-01	   4.3545933617645460e-01	   4.0728575655406224e-01	   4.0136291137625313e-01	   3.9941226901212112e-01	   9.5766990358902326e-01	   3.2725917124737441e-01	   4.6726258051403530e-01	   9.2950744459209855e-01	   4.3270962568037036e-01	   8.2414502786373212e-01	   4.3946669168651420e-01	   6.7636269604768007e-01	   4.7200299060063372e-01	   4.1723014742522063e-01	   7.5068284834164012e-01	   0.0000000000000000e+00	   3.6237069968634028e-01	   8.6244032118090930e-01	   4.9985236557707879e-01	   5.1450440455399549e-01	   0.0000000000000000e+00	
   7.8392484071477031e-01	   4.8186689170835384e-01	   3.5568019940583606e-01	   5.0088168674033207e-01	   9.7061189159568473e-01	   8.9769471047798555e-01	   0.0000000000000000e+00	   6.1413440695339083e-01	   3.8538107390139098e-01	   4.5975592359539441e-01	   8.6689412076308003e-01	   0.0000000000000000e+00	   5.4516774685886360e-01	   8.8785795926301736e-01	   8.2921600469515466e-01	   8.7404121259234846e-01	   0.0000000000000000e+00	   8.0551378929227169e-01	   3.6133856293295408e-01	   4.4932064329721494e-01	   6.2802536559969813e-01	   9.4887406443647504e-01	   6.1646357662136853e-01	   8.6339072999883038e-01	   3.6277333102204251e-01	   0.0000000000000000e+00	   3.3360540056007632e-01	   0.0000000000000000e+00	   3.9889091415346578e-01	   6.4662534226926827e-01	   6.3348637328176505e-01	   6.3579749666261343e-01	   4.3614584711582627e-01	   0.0000000000000000e+00	   8.4290989459574317e-01	   4.4157885152452642e-01	   4.6792899597044829e-01	   7.5201188907553340e-01	   9.6051958575957830e-01	   8.1188425574727718e-01	   0.0000000000000000e+00	   9.6875014638321311e-01	   9.7868639387447542e-01	   9.6690560796797964e-01	   9.1021258775889535e-01	   8.9751489611940016e-01	   5.9035519418762028e-01	   5.8669065269681653e-01	   6.8386344054921033e-01	   0.0000000000000000e+00	
   0.0000000000000000e+00	   0.0000000000000000e+00	   8.4790395080473346e-01	   8.5635481396517688e-01	   3.3734129320992251e-01	   3.2960449608793269e-01	   4.2633306153729089e-01	   0.0000000000000000e+00	   6.3863476966336830e-01	   8.5358024461416182e-01	   0.0000000000000000e+00	   5.4516774685886360e-01	   0.0000000000000000e+00	   0.0000000000000000e+00	   6.4684829821217327e-01	   9.4514839836110642e-01	   0.0000000000000000e+00	   9.7897498769085201e-01	   7.5581912605227286e-01	   7.2750487178036627e-01	   5.4282906401805708e-01	   0.0000000000000000e+00	   5.5543705892938910e-01	   6.8448888401360075e-01	   9.4868908284115183e-01	   7.1358120391346636e-01	   9.3697306425259663e-01	   0.0000000000000000e+00	   8.5861023629962396e-01	   0.0000000000000000e+00	   0.0000000000000000e+00	   0.0000000000000000e+00	   4.9911227268340808e-01	   5.4530350135271966e-01	   9.4447503765702767e-01	   0.0000000000000000e+00	   3.1958878325056561e-01	   7.9562699062618525e-01	   7.7599615164137237e-01	   8.8529426806547185e-01	   0.0000000000000000e+00	   6.0929569616509749e-01	   5.2227751606887218e-01	   0.0000000000000000e+00	   6.3265962536835163e-01	   0.0000000000000000e+00	   5.1678816910122816e-01	   9.6021748994914224e-01	   0.0000000000000000e+00	   7.1007381603492536e-01	
   9.6739627304550901e-01	   6.5260736973126610e-01	   7.8898762534804767e-01	   0.0000000000000000e+00	   0.0000000000000000e+00	   0.0000000000000000e+00	   6.6062854059099729e-01	   0.0000000000000000e+00	   7.8669823132609284e-01	   6.4790993683795928e-01	   0.0000000000000000e+00	   8.8785795926301736e-01	   0.0000000000000000e+00	   0.0000000000000000e+00	   4.1017050497818014e-01	   8.4171587727154185e-01	   6.6196056836722972e-01	   6.8961850635648747e-01	   9.3693094438227775e-01	   6.8714072645275903e-01	   4.4381270231600434e-01	   4.1911838589682116e-01	   0.0000000000000000e+00	   6.4207155419142947e-01	   8.9852472852265319e-01	   0.0000000000000000e+00	   0.0000000000000000e+00	   0.0000000000000000e+00	   0.0000000000000000e+00	   5.6669139124667212e-01	   3.1428317540343670e-01	   8.3044304753548714e-01	   3.8171126830495622e-01	   0.0000000000000000e+00	   7.5340010276135327e-01	   0.0000000000000000e+00	   9.6398244805652333e-01	   6.0257329029000739e-01	   3.6357121306711981e-01	   0.0000000000000000e+00	   0.0000000000000000e+00	   6.5822156646469843e-01	   6.0600039911161407e-01	   4.9241602106991034e-01	   8.0279843030073761e-01	   8.0384162284192717e-01	   5.4020395947328204e-01	   6.7577463298423224e-01	   6.7017541647438650e-01	   0.0000000000000000e+00	
   3.4287085758095159e-01	   8.7078814368056934e-01	   9.7097329000851307e-01	   7.0994501436909641e-01	   4.3922267761693934e-01	   0.0000000000000000e+00	   5.3584176192332733e-01	   0.0000000000000000e+00	   4.2435962891536938e-01	   0.0000000000000000e+00	   0.0000000000000000e+00	   8.2921600469515466e-01	   6.4684829821217327e-01	   4.1017050497818014e-01	   0.0000000000000000e+00	   9.6378305143724452e-01	   9.8146774777973222e-01	   5.8565011171504566e-01	   0.0000000000000000e+00	   7.5315480769946896e-01	   5.6342196134161071e-01	   5.9431420476086072e-01	   3.3107333848337317e-01	   7.7932543943090593e-01	   8.7754479699527366e-01	   0.0000000000000000e+00	   5.0768552494450536e-01	   0.0000000000000000e+00	   4.1589068281028985e-01	   0.0000000000000000e+00	   0.0000000000000000e+00	   0.0000000000000000e+00	   3.4274483389651167e-01	   5.1503690493874965e-01	   0.0000000000000000e+00	   9.2038533931001587e-01	   6.1484377508345345e-01	   9.1315506898543441e-01	   0.0000000000000000e+00	   0.0000000000000000e+00	   8.0524485290493897e-01	   8.2957389347241572e-01	   8.0572788801476558e-01	   0.0000000000000000e+00	   6.8180277670614708e-01	   4.7458235744787869e-01	   0.0000000000000000e+00	   0.0000000000000000e+00	   5.0405422098651831e-01	   7.7912118424961307e-01	
   3.6132226979636012e-01	   7.7855413646161753e-01	   4.2031721375239006e-01	   7.1327865538190749e-01	   5.3170542446550673e-01	   6.0212970126124210e-01	   0.0000000000000000e+00	   0.0000000000000000e+00	   0.0000000000000000e+00	   4.7069195719703538e-01	   4.9606274392163718e-01	   8.7404121259234846e-01	   9.4514839836110642e-01	   8.4171587727154185e-01	   9.6378305143724452e-01	   0.0000000000000000e+00	   3.6623443565908004e-01	   0.0000000000000000e+00	   0.0000000000000000e+00	   6.0531228498423939e-01	   3.3921224663230010e-01	   0.0000000000000000e+00	   9.6666524782546226e-01	   9.7425622379052212e-01	   0.0000000000000000e+00	   6.8933028321502654e-01	   6.5074362291608034e-01	   0.0000000000000000e+00	   4.7109397036034573e-01	   0.0000000000000000e+00	   0.0000000000000000e+00	   7.8329990100484070e-01	   0.0000000000000000e+00	   9.0685946291207320e-01	   7.0111977699730221e-01	   0.0000000000000000e+00	   0.0000000000000000e+00	   0.0000000000000000e+00	   8.3798745075065795e-01	   0.0000000000000000e+00	   4.9455656485184374e-01	   0.0000000000000000e+00	   7.6282098828802503e-01	   8.8344736779821309e-01	   4.7222812772936029e-01	   6.8508132956912826e-01	   8.9139913147993810e-01	   9.6911596866950034e-01	   6.4116818777114681e-01	   0.0000000000000000e+00	
   6.8664954161909819e-01	   4.9528287818540884e-01	   7.4781017659156168e-01	   7.7987047906087736e-01	   7.3109824119789069e-01	   6.0495364348464276e-01	   8.7326905634031959e-01	   7.0523668508664916e-01	   5.5108038989454777e-01	   4.2396420338034402e-01	   8.9018349029991306e-01	   0.0000000000000000e+00	   0.0000000000000000e+00	   6.6196056836722972e-01	   9.8146774777973222e-01	   3.6623443565908004e-01	   0.0000000000000000e+00	   4.3812719194773331e-01	   8.9182795078913846e-01	   0.0000000000000000e+00	   0.0000000000000000e+00	   0.0000000000000000e+00	   0.0000000000000000e+00	   0.0000000000000000e+00	   0.0000000000000000e+00	   4.9706603652524289e-01	   0.0000000000000000e+00	   6.9985598054040565e-01	   8.7083859943651376e-01	   4.9521786661626283e-01	   6.1252040680740205e-01	   5.0451052067462321e-01	   0.0000000000000000e+00	   6.8917409828624043e-01	   7.3432038491488105e-01	   0.0000000000000000e+00	   0.0000000000000000e+00	   4.0592359636099995e-01	   3.0111217614829083e-01	   3.2680101909744802e-01	   3.1377131219823323e-01	   9.1992486210337754e-01	   0.0000000000000000e+00	   6.9938909091745849e-01	   8.4969405180177304e-01	   5.4651071408826879e-01	   3.7197055922601857e-01	   0.0000000000000000e+00	   0.0000000000000000e+00	   6.4068515003822235e-01	
   0.0000000000000000e+00	   4.1915578167400430e-01	   0.0000000000000000e+00	   8.2384870474201799e-01	   5.1268639759742896e-01	   6.2314665946231518e-01	   3.3847425471724624e-01	   4.1380346343443630e-01	   7.6791172006273356e-01	   5.3565824991463584e-01	   8.9029458017056129e-01	   8.0551378929227169e-01	   9.7897498769085201e-01	   6.8961850635648747e-01	   5.8565011171504566e-01	   0.0000000000000000e+00	   4.3812719194773331e-01	   0.0000000000000000e+00	   6.3075135482874756e-01	   3.8008201832175331e-01	   4.4580034504693244e-01	   6.2233802337313104e-01	   5.7978140315436388e-01	   7.5056276206677586e-01	   4.2564174151494988e-01	   8.4650399864163028e-01	   3.4129937261925358e-01	   0.0000000000000000e+00	   0.0000000000000000e+00	   0.0000000000000000e+00	   4.3209794619831476e-01	   0.0000000000000000e+00	   4.9042245513215144e-01	   0.0000000000000000e+00	   3.5564469936240733e-01	   0.0000000000000000e+00	   8.3292066854641478e-01	   5.3134967982063286e-01	   0.0000000000000000e+00	   6.7263827362795525e-01	   7.7801588310089032e-01	   5.8406727200571740e-01	   6.5791714556815339e-01	   5.9299514740177850e-01	   6.3946818874070965e-01	   0.0000000000000000e+00	   0.0000000000000000e+00	   9.6781259260605723e-01	   4.6533121817075995e-01	   4.8397582764210145e-01	
   0.0000000000000000e+00	   5.3686127277466666e-01	   4.4780274641481244e-01	   8.3428806657220100e-01	   8.0866019984033377e-01	   6.0892020997711760e-01	   3.8545755887325234e-01	   7.9009826163121011e-01	   9.8204823933458507e-01	   5.2580236458089158e-01	   0.0000000000000000e+00	   3.6133856293295408e-01	   7.5581912605227286e-01	   9.3693094438227775e-01	   0.0000000000000000e+00	   0.0000000000000000e+00	   8.9182795078913846e-01	   6.3075135482874756e-01	   0.0000000000000000e+00	   5.2647287382976704e-01	   7.7249789259209267e-01	   0.0000000000000000e+00	   0.0000000000000000e+00	   0.0000000000000000e+00	   0.0000000000000000e+00	   0.0000000000000000e+00	   0.0000000000000000e+00	   3.9224366690800672e-01	   5.8492016977661176e-01	   6.0030891034955869e-01	   3.9109136516650650e-01	   0.0000000000000000e+00	   9.4174452089448257e-01	   4.6241850654972216e-01	   4.2887995881578544e-01	   5.6079798258446301e-01	   5.6704471717155458e-01	   6.5873900206525149e-01	   5.3736643628953540e-01	   0.0000000000000000e+00	   6.0097525322738221e-01	   3.4256129747378594e-01	   0.0000000000000000e+00	   0.0000000000000000e+00	   6.5816424516897765e-01	   3.7211486127903959e-01	   4.7729439475204621e-01	   5.9025422160854801e-01	   8.0203277225948200e-01	   4.4122224080041561e-01	
   9.5826914410046471e-01	   0.0000000000000000e+00	   0.0000000000000000e+00	   6.9302687852925837e-01	   0.0000000000000000e+00	   3.5703232690930325e-01	   4.8543804362296789e-01	   7.2490850895761938e-01	   5.8885214768154581e-01	   6.8288565836825454e-01	   8.3586959626186963e-01	   4.4932064329721494e-01	   7.2750487178036627e-01	   6.8714072645275903e-01	   7.5315480769946896e-01	   6.0531228498423939e-01	   0.0000000000000000e+00	   3.8008201832175331e-01	   5.2647287382976704e-01	   0.0000000000000000e+00	   6.0231737766018789e-01	   7.3526694316585484e-01	   7.0912692266684285e-01	   0.0000000000000000e+00	   8.8857964947634649e-01	   0.0000000000000000e+00	   9.9378544762384236e-01	   6.6541204405234478e-01	   7.0831859351607651e-01	   9.3780613176629557e-01	   6.7045912072284208e-01	   8.2145394465958477e-01	   3.3451808217500717e-01	   0.0000000000000000e+00	   5.4764667295308134e-01	   0.0000000000000000e+00	   7.1404254180761528e-01	   0.0000000000000000e+00	   9.1144740309705652e-01	   0.0000000000000000e+00	   5.3951063828034451e-01	   7.1614639325159191e-01	   4.2927888454203478e-01	   3.1056572583442449e-01	   9.5558739619120914e-01	   3.8391067321848799e-01	   0.0000000000000000e+00	   3.9297923480116176e-01	   5.1732028390191498e-01	   6.3916360374530867e-01	
   9.2946261226418203e-01	   0.0000000000000000e+00	   0.0000000000000000e+00	   5.4902506960263375e-01	   0.0000000000000000e+00	   0.0000000000000000e+00	   0.0000000000000000e+00	   4.4019514542954519e-01	   0.0000000000000000e+00	   4.3655337105110953e-01	   6.7931096264850943e-01	   6.2802536559969813e-01	   5.4282906401805708e-01	   4.4381270231600434e-01	   5.6342196134161071e-01	   3.3921224663230010e-01	   0.0000000000000000e+00	   4.4580034504693244e-01	   7.7249789259209267e-01	   6.0231737766018789e-01	   0.0000000000000000e+00	   0.0000000000000000e+00	   8.0342392616024449e-01	   9.4472204450366171e-01	   4.3021789697825413e-01	   0.0000000000000000e+00	   3.9787445045944608e-01	   3.5516506411200455e-01	   5.2086327028871238e-01	   7.1207661404564337e-01	   0.0000000000000000e+00	   5.2500954117171572e-01	   8.4040173090029757e-01	   0.0000000000000000e+00	   3.8337858014408543e-01	   7.2363627819087417e-01	   6.5367403819769487e-01	   3.0178813330966808e-01	   3.0871011709590929e-01	   0.0000000000000000e+00	   3.7281914674033673e-01	   0.0000000000000000e+00	   0.0000000000000000e+00	   8.7795263986090721e-01	   0.0000000000000000e+00	   0.0000000000000000e+00	   3.7398578488116274e-01	   0.0000000000000000e+00	   7.9632369460302677e-01	   0.0000000000000000e+00	
   0.0000000000000000e+00	   0.0000000000000000e+00	   7.8748423120390521e-01	   5.9854488507913217e-01	   0.0000000000000000e+00	   9.7121281268976056e-01	   6.1118012301046210e-01	   4.8006492949027468e-01	   5.8664205757225729e-01	   0.0000000000000000e+00	   6.5907640039403204e-01	   9.4887406443647504e-01	   0.0000000000000000e+00	   4.1911838589682116e-01	   5.9431420476086072e-01	   0.0000000000000000e+00	   0.0000000000000000e+00	   6.2233802337313104e-01	   0.0000000000000000e+00	   7.3526694316585484e-01	   0.0000000000000000e+00	   0.0000000000000000e+00	   7.8069479410055642e-01	   0.0000000000000000e+00	   0.0000000000000000e+00	   6.7264092082629845e-01	   7.9255960362614042e-01	   7.0335288967141274e-01	   8.1131529916422429e-01	   0.0000000000000000e+00	   8.9138071058490076e-01	   0.0000000000000000e+00	   8.3929815965056265e-01	   0.0000000000000000e+00	   9.0496583689459875e-01	   4.1047147487674668e-01	   8.5420587056348385e-01	   0.0000000000000000e+00	   4.7046907564872464e-01	   3.4901008211255791e-01	   0.0000000000000000e+00	   7.2821538340682579e-01	   9.2978542737017222e-01	   0.0000000000000000e+00	   4.0886631281970931e-01	   5.5958858334497552e-01	   7.8677489432944137e-01	   5.4459011650677036e-01	   3.4263800186382237e-01	   6.1712820787354206e-01	
   3.6569315498163990e-01	   9.9168629772663275e-01	   7.5221147889092366e-01	   0.0000000000000000e+00	   0.0000000000000000e+00	   3.1047996721154852e-01	   0.0000000000000000e+00	   4.8326596895444385e-01	   9.9431643311351281e-01	   0.0000000000000000e+00	   0.0000000000000000e+00	   6.1646357662136853e-01	   5.5543705892938910e-01	   0.0000000000000000e+00	   3.3107333848337317e-01	   9.6666524782546226e-01	   0.0000000000000000e+00	   5.7978140315436388e-01	   0.0000000000000000e+00	   7.0912692266684285e-01	   8.0342392616024449e-01	   7.8069479410055642e-01	   0.0000000000000000e+00	   0.0000000000000000e+00	   8.8541218568068292e-01	   3.1719579013606330e-01	   7.7857710689970472e-01	   9.8271745228880780e-01	   0.0000000000000000e+00	   7.1782482762470801e-01	   3.3730045043695700e-01	   0.0000000000000000e+00	   7.3794293160692193e-01	   6.9990349855914991e-01	   5.8587279847252027e-01	   8.6931732750944368e-01	   0.0000000000000000e+00	   0.0000000000000000e+00	   0.0000000000000000e+00	   6.9781543008726066e-01	   3.7257454752274677e-01	   7.9340627437416433e-01	   4.4495239085739613e-01	   4.0268594850689143e-01	   0.0000000000000000e+00	   0.0000000000000000e+00	   9.1486104327707429e-01	   0.0000000000000000e+00	   0.0000000000000000e+00	   9.4780208417215550e-01	
   0.0000000000000000e+00	   0.0000000000000000e+00	   0.0000000000000000e+00	   6.1602203439571190e-01	   5.6985990076208104e-01	   0.0000000000000000e+00	   4.5274163777889032e-01	   0.0000000000000000e+00	   5.5939294781962112e-01	   0.0000000000000000e+00	   0.0000000000000000e+00	   8.6339072999883038e-01	   6.8448888401360075e-01	   6.4207155419142947e-01	   7.7932543943090593e-01	   9.7425622379052212e-01	   0.0000000000000000e+00	   7.5056276206677586e-01	   0.0000000000000000e+00	   0.0000000000000000e+00	   9.4472204450366171e-01	   0.0000000000000000e+00	   0.0000000000000000e+00	   0.0000000000000000e+00	   0.0000000000000000e+00	   0.0000000000000000e+00	   9.5220115109030368e-01	   9.6300250975181356e-01	   7.8692159575551091e-01	   3.1049383540512487e-01	   6.3016432556543944e-01	   9.1316704923275416e-01	   7.5515913978914551e-01	   5.5402031252956552e-01	   8.7985708431743004e-01	   0.0000000000000000e+00	   8.1904267833349342e-01	   5.4379495425833735e-01	   4.4584781313665611e-01	   9.7688356685234412e-01	   6.6767534549824037e-01	   9.4968583918198846e-01	   3.5173570482992494e-01	   5.8872244844143928e-01	   0.0000000000000000e+00	   4.5887268083423588e-01	   9.8745314300812503e-01	   0.0000000000000000e+00	   6.3338926621891845e-01	   6.2138979588350829e-01	
   5.3324391694258944e-01	   3.0442576942561872e-01	   0.0000000000000000e+00	   4.6765558222843240e-01	   9.0677773172633569e-01	   8.9568921434822424e-01	   9.8494554580389115e-01	   8.7698322328119782e-01	   3.3451799982375890e-01	   9.2363479625922595e-01	   5.4150834604430687e-01	   3.6277333102204251e-01	   9.4868908284115183e-01	   8.9852472852265319e-01	   8.7754479699527366e-01	   0.0000000000000000e+00	   0.0000000000000000e+00	   4.2564174151494988e-01	   0.0000000000000000e+00	   8.8857964947634649e-01	   4.3021789697825413e-01	   0.0000000000000000e+00	   8.8541218568068292e-01	   0.0000000000000000e+00	   0.0000000000000000e+00	   9.6531456166795993e-01	   4.9880092762953343e-01	   3.7103357211711341e-01	   6.1999395851102523e-01	   4.6055271772970985e-01	   0.0000000000000000e+00	   8.4783224065740237e-01	   8.1425077959221293e-01	   7.6366626313691932e-01	   5.5976193178789202e-01	   4.6342347358747771e-01	   9.7241102649054101e-01	   6.9508846092729215e-01	   0.0000000000000000e+00	   0.0000000000000000e+00	   3.0415408656680332e-01	   3.3957245415678250e-01	   0.0000000000000000e+00	   8.8901009480154891e-01	   7.9297792746951390e-01	   7.0495634533391560e-01	   9.5703276487762046e-01	   6.4381810172850429e-01	   4.5755965454491526e-01	   5.2542635187663866e-01	
   8.0616941087447902e-01	   9.0617789260182025e-01	   4.2594436443974182e-01	   0.0000000000000000e+00	   0.0000000000000000e+00	   3.1636754537442563e-01	   6.7422456863505031e-01	   5.3087912153148609e-01	   4.7611697812756615e-01	   3.4968861611056656e-01	   3.5992748968523475e-01	   0.0000000000000000e+00	   7.1358120391346636e-01	   0.0000000000000000e+00	   0.0000000000000000e+00	   6.8933028321502654e-01	   4.9706603652524289e-01	   8.4650399864163028e-01	   0.0000000000000000e+00	   0.0000000000000000e+00	   0.0000000000000000e+00	   6.7264092082629845e-01	   3.1719579013606330e-01	   0.0000000000000000e+00	   9.6531456166795993e-01	   0.0000000000000000e+00	   0.0000000000000000e+00	   5.9582385006492444e-01	   5.6706689556223266e-01	   0.0000000000000000e+00	   4.9528432091705976e-01	   7.2222136141314863e-01	   4.5275969079077683e-01	   0.0000000000000000e+00	   9.0526118501660702e-01	   0.0000000000000000e+00	   0.0000000000000000e+00	   5.4147348579092913e-01	   3.6136319438257380e-01	   9.8323834404278587e-01	   4.4749225083786975e-01	   7.6874097530656793e-01	   9.1255139251594541e-01	   8.7365641925234994e-01	   8.1157363092188795e-01	   6.5110852691211862e-01	   0.0000000000000000e+00	   4.1764821272431102e-01	   0.0000000000000000e+00	   8.8031056053205692e-01	
   0.0000000000000000e+00	   4.9350973397797049e-01	   5.6368669043048203e-01	   0.0000000000000000e+00	   0.0000000000000000e+00	   0.0000000000000000e+00	   3.2991069823932301e-01	   3.0902210752602449e-01	   0.0000000000000000e+00	   0.0000000000000000e+00	   0.0000000000000000e+00	   3.3360540056007632e-01	   9.3697306425259663e-01	   0.0000000000000000e+00	   5.0768552494450536e-01	   6.5074362291608034e-01	   0.0000000000000000e+00	   3.4129937261925358e-01	   0.0000000000000000e+00	   9.9378544762384236e-01	   3.9787445045944608e-01	   7.9255960362614042e-01	   7.7857710689970472e-01	   9.5220115109030368e-01	   4.9880092762953343e-01	   0.0000000000000000e+00	   0.0000000000000000e+00	   7.6511608342906712e-01	   9.1655852627743584e-01	   0.0000000000000000e+00	   8.6207092939598895e-01	   0.0000000000000000e+00	   4.2667004807868902e-01	   0.0000000000000000e+00	   4.9802723103802327e-01	   6.3895063588286882e-01	   9.7510543110780290e-01	   6.6336806590947728e-01	   8.7863072403825426e-01	   0.0000000000000000e+00	   5.4184014797221691e-01	   6.2275977901839730e-01	   6.7773786415087423e-01	   0.0000000000000000e+00	   3.6154353372635789e-01	   5.0134236648926755e-01	   7.0296086971836891e-01	   5.3185891848800582e-01	   5.8234830035257656e-01	   0.0000000000000000e+00	
   6.0544931233826693e-01	   8.4299901740329419e-01	   8.2074696141090508e-01	   8.3418242469714565e-01	   6.8552412687942899e-01	   8.4841699163590656e-01	   8.8939951865224609e-01	   6.6316003707517046e-01	   6.3396841995616793e-01	   6.0792295766748505e-01	   7.9992901131644900e-01	   0.0000000000000000e+00	   0.0000000000000000e+00	   0.0000000000000000e+00	   0.0000000000000000e+00	   0.0000000000000000e+00	   6.9985598054040565e-01	   0.0000000000000000e+00	   3.9224366690800672e-01	   6.6541204405234478e-01	   3.5516506411200455e-01	   7.0335288967141274e-01	   9.8271745228880780e-01	   9.6300250975181356e-01	   3.7103357211711341e-01	   5.9582385006492444e-01	   7.6511608342906712e-01	   0.0000000000000000e+00	   7.5811369402746942e-01	   7.8639419355008222e-01	   3.6157615873995808e-01	   7.5328919340032119e-01	   6.0556650006287072e-01	   0.0000000000000000e+00	   5.5792292251705455e-01	   3.4095643010968185e-01	   9.9853473065231646e-01	   5.3500195653541294e-01	   0.0000000000000000e+00	   5.4196745155572645e-01	   0.0000000000000000e+00	   9.7401024071648790e-01	   6.8360448491025894e-01	   7.7110895042461247e-01	   3.0815208262900501e-01	   6.7239473250570181e-01	   6.5468349434809836e-01	   0.0000000000000000e+00	   8.3001281156131013e-01	   0.0000000000000000e+00	
   0.0000000000000000e+00	   0.0000000000000000e+00	   4.4130589163116890e-01	   0.0000000000000000e+00	   0.0000000000000000e+00	   0.0000000000000000e+00	   0.0000000000000000e+00	   4.0763656978412566e-01	   7.5902413327404539e-01	   0.0000000000000000e+00	   7.2337140900459662e-01	   3.9889091415346578e-01	   8.5861023629962396e-01	   0.0000000000000000e+00	   4.1589068281028985e-01	   4.7109397036034573e-01	   8.7083859943651376e-01	   0.0000000000000000e+00	   5.8492016977661176e-01	   7.0831859351607651e-01	   5.2086327028871238e-01	   8.1131529916422429e-01	   0.0000000000000000e+00	   7.8692159575551091e-01	   6.1999395851102523e-01	   5.6706689556223266e-01	   9.1655852627743584e-01	   7.5811369402746942e-01	   0.0000000000000000e+00	   6.9209696732016313e-01	   5.3104984643819986e-01	   9.8683004633600135e-01	   3.6475550866427969e-01	   3.7591279411016099e-01	   9.1591424121736109e-01	   4.1728086683946797e-01	   0.0000000000000000e+00	   4.1704182037332221e-01	   5.1600456276366646e-01	   8.9869701242992694e-01	   9.7153822623673358e-01	   3.6099556151472612e-01	   7.9164199751195841e-01	   3.6571907297935408e-01	   7.9203764202221971e-01	   8.8728509228808949e-01	   0.0000000000000000e+00	   0.0000000000000000e+00	   7.1032582040244741e-01	   3.5791299534032112e-01	
   3.3874337777625962e-01	   0.0000000000000000e+00	   9.0801625112977580e-01	   5.8596483117996390e-01	   0.0000000000000000e+00	   0.0000000000000000e+00	   7.0363428432224828e-01	   8.8555431568116338e-01	   3.5364250396472280e-01	   4.1863781480428264e-01	   4.3545933617645460e-01	   6.4662534226926827e-01	   0.0000000000000000e+00	   5.6669139124667212e-01	   0.0000000000000000e+00	   0.0000000000000000e+00	   4.9521786661626283e-01	   0.0000000000000000e+00	   6.0030891034955869e-01	   9.3780613176629557e-01	   7.1207661404564337e-01	   0.0000000000000000e+00	   7.1782482762470801e-01	   3.1049383540512487e-01	   4.6055271772970985e-01	   0.0000000000000000e+00	   0.0000000000000000e+00	   7.8639419355008222e-01	   6.9209696732016313e-01	   0.0000000000000000e+00	   0.0000000000000000e+00	   6.0002246589007990e-01	   8.3603451730976319e-01	   8.5279539170624052e-01	   0.0000000000000000e+00	   0.0000000000000000e+00	   7.0440442674784054e-01	   6.1500899639297735e-01	   8.8641684342446170e-01	   3.4847690014553445e-01	   7.8034464941650716e-01	   8.6344849570836080e-01	   0.0000000000000000e+00	   0.0000000000000000e+00	   6.5053979582076804e-01	   5.4454176205489713e-01	   3.2680145870327110e-01	   7.0873629259071536e-01	   0.0000000000000000e+00	   0.0000000000000000e+00	
