   0.0000000000000000e+00	   9.1880797381426249e-01	   0.0000000000000000e+00	   8.1629789285952725e-01	   9.7078388448765529e-01	   0.0000000000000000e+00	   3.4882422164119742e-01	   0.0000000000000000e+00	   3.6888772628884919e-01	   6.3251342852144576e-01	   0.0000000000000000e+00	   6.6330452454346811e-01	   0.0000000000000000e+00	   6.2317271880918357e-01	   5.2653432964043501e-01	   8.1433972287624168e-01	   0.0000000000000000e+00	   7.4324227074688265e-01	   9.8281643085689319e-01	   0.0000000000000000e+00	   7.2672373758520048e-01	   0.0000000000000000e+00	   0.0000000000000000e+00	   0.0000000000000000e+00	   9.4727935202965385e-01	   0.0000000000000000e+00	   9.3213148737468798e-01	   3.2946841951442213e-01	   9.7341138562954099e-01	   0.0000000000000000e+00	   7.1361779665266134e-01	   8.7427973477792786e-01	   0.0000000000000000e+00	   5.5431898344088393e-01	   0.0000000000000000e+00	   0.0000000000000000e+00	   0.0000000000000000e+00	   8.2234290541441202e-01	   6.3974898693406379e-01	   0.0000000000000000e+00	   6.5876613519343463e-01	   0.0000000000000000e+00	   5.1544537347998909e-01	   5.7648787810882585e-01	   8.8212284627351045e-01	   0.0000000000000000e+00	   0.0000000000000000e+00	   7.5863716485039101e-01	   6.5931097516049908e-01	   9.5399701499109146e-01	
   9.1880797381426249e-01	   0.0000000000000000e+00	   7.7064183011077736e-01	   8.7587854778721486e-01	   0.0000000000000000e+00	   7.6208431302962631e-01	   6.5204682834795058e-01	   9.6387406135357345e-01	   9.6841163208177372e-01	   0.0000000000000000e+00	   4.8600847225390609e-01	   4.3964074237390471e-01	   0.0000000000000000e+00	   0.0000000000000000e+00	   3.0284960956686041e-01	   8.0569868927106447e-01	   5.0488014540704773e-01	   8.4903277122104504e-01	   0.0000000000000000e+00	   0.0000000000000000e+00	   3.3437614073050781e-01	   0.0000000000000000e+00	   4.1166594192147798e-01	   8.1515302888405961e-01	   0.0000000000000000e+00	   0.0000000000000000e+00	   6.6653119912947356e-01	   9.0449785605036204e-01	   0.0000000000000000e+00	   0.0000000000000000e+00	   0.0000000000000000e+00	   8.6949202098552125e-01	   0.0000000000000000e+00	   0.0000000000000000e+00	   5.7665516029396224e-01	   0.0000000000000000e+00	   0.0000000000000000e+00	   9.4789509065117117e-01	   0.0000000000000000e+00	   5.1473015467797445e-01	   7.0729277637350685e-01	   6.7199621324510095e-01	   8.2788493013356912e-01	   0.0000000000000000e+00	   4.6714768268071738e-01	   6.7164051017584236e-01	   6.2199181642400081e-01	   7.1251863071522359e-01	   5.9577738498317878e-01	   4.9958069495495322e-01	
   0.0000000000000000e+00	   7.7064183011077736e-01	   0.0000000000000000e+00	   4.8983791614518257e-01	   3.0229554848374018e-01	   0.0000000000000000e+00	   0.0000000000000000e+00	   6.9090668424399093e-01	   9.2860288760713372e-01	   3.4069334376615701e-01	   0.0000000000000000e+00	   7.5155387198897317e-01	   5.9431175770602773e-01	   8.7380185687985312e-01	   3.4090185617984059e-01	   7.8084955979851756e-01	   7.6295561837264447e-01	   0.0000000000000000e+00	   0.0000000000000000e+00	   0.0000000000000000e+00	   0.0000000000000000e+00	   0.0000000000000000e+00	   0.0000000000000000e+00	   0.0000000000000000e+00	   0.0000000000000000e+00	   6.9723467745182788e-01	   0.0000000000000000e+00	   0.0000000000000000e+00	   7.2469259019357746e-01	   6.7513424531781840e-01	   6.3892053439082153e-01	   0.0000000000000000e+00	   0.0000000000000000e+00	   6.5841276269760796e-01	   0.0000000000000000e+00	   9.6215676837782804e-01	   0.0000000000000000e+00	   0.0000000000000000e+00	   0.0000000000000000e+00	   0.0000000000000000e+00	   0.0000000000000000e+00	   6.6260350405825963e-01	   5.4238155611676842e-01	   4.6377973324439259e-01	   4.3834909283726997e-01	   0.0000000000000000e+00	   5.7591962921507434e-01	   0.0000000000000000e+00	   0.0000000000000000e+00	   4.7611946977323649e-01	
   8.1629789285952725e-01	   8.7587854778721486e-01	   4.8983791614518257e-01	   0.0000000000000000e+00	   5.5283001671007304e-01	   6.7821250757216800e-01	   0.0000000000000000e+00	   0.0000000000000000e+00	   0.0000000000000000e+00	   0.0000000000000000e+00	   0.0000000000000000e+00	   0.0000000000000000e+00	   5.1078055092777341e-01	   0.0000000000000000e+00	   3.4039572375687432e-01	   5.3744694917496916e-01	   9.7139121253926164e-01	   7.1721956960637123e-01	   0.0000000000000000e+00	   9.9993634856203650e-01	   0.0000000000000000e+00	   4.8795165958831144e-01	   3.8495403714564480e-01	   0.0000000000000000e+00	   9.1175638409607562e-01	   8.8713893839258362e-01	   8.9008778590476623e-01	   3.5234304699027041e-01	   0.0000000000000000e+00	   9.8129219396576972e-01	   7.9531180799919332e-01	   6.7900951649896468e-01	   6.4375644993240488e-01	   4.3982277369342920e-01	   4.1235089728995389e-01	   0.0000000000000000e+00	   4.3891588652825542e-01	   0.0000000000000000e+00	   5.2634599259651149e-01	   0.0000000000000000e+00	   0.0000000000000000e+00	   0.0000000000000000e+00	   4.5226914290177966e-01	   4.6549656075609230e-01	   0.0000000000000000e+00	   7.9600080187089750e-01	   7.2197221096781106e-01	   6.0168612621498596e-01	   4.1556568679988837e-01	   4.7338470565215784e-01	
   9.7078388448765529e-01	   0.0000000000000000e+00	   3.0229554848374018e-01	   5.5283001671007304e-01	   0.0000000000000000e+00	   0.0000000000000000e+00	   7.9595950436228291e-01	   4.3723052687802938e-01	   3.6197544768754258e-01	   0.0000000000000000e+00	   6.7619301040309798e-01	   0.0000000000000000e+00	   0.0000000000000000e+00	   0.0000000000000000e+00	   3.7301015587511072e-01	   6.4818848927220629e-01	   0.0000000000000000e+00	   0.0000000000000000e+00	   5.5858470057601806e-01	   0.0000000000000000e+00	   3.0745489305729706e-01	   4.9553106390188567e-01	   0.0000000000000000e+00	   9.4236348224044963e-01	   0.0000000000000000e+00	   9.4933388100543592e-01	   4.8238163715549770e-01	   0.0000000000000000e+00	   7.4726486771613310e-01	   0.0000000000000000e+00	   4.9109305891303928e-01	   0.0000000000000000e+00	   7.2547011979259612e-01	   3.6051599866364292e-01	   9.3435002610761719e-01	   3.8802989942314459e-01	   0.0000000000000000e+00	   0.0000000000000000e+00	   0.0000000000000000e+00	   6.4831830994140593e-01	   0.0000000000000000e+00	   0.0000000000000000e+00	   3.0174603673069167e-01	   5.6411845398599392e-01	   8.9332779696416664e-01	   8.0054666129542573e-01	   9.5729275188500540e-01	   6.6931613131387169e-01	   0.0000000000000000e+00	   4.3005494555479262e-01	
   0.0000000000000000e+00	   7.6208431302962631e-01	   0.0000000000000000e+00	   6.7821250757216800e-01	   0.0000000000000000e+00	   0.0000000000000000e+00	   8.0692739736178853e-01	   8.1676634599185505e-01	   0.0000000000000000e+00	   3.8920582803525477e-01	   0.0000000000000000e+00	   5.4198615262894712e-01	   3.1987747683739293e-01	   7.1427829802180609e-01	   5.5638703577953597e-01	   4.7339827412444019e-01	   3.0500770903622793e-01	   7.1763326722042975e-01	   7.9076961963629810e-01	   6.7005272263830440e-01	   0.0000000000000000e+00	   0.0000000000000000e+00	   7.5976516943405792e-01	   9.2832413337483821e-01	   3.6314753470009553e-01	   0.0000000000000000e+00	   0.0000000000000000e+00	   0.0000000000000000e+00	   8.6623798493193260e-01	   6.9878698986658860e-01	   0.0000000000000000e+00	   5.9785433997221316e-01	   9.2562533642326894e-01	   8.5090256566793654e-01	   0.0000000000000000e+00	   7.2944205207813795e-01	   0.0000000000000000e+00	   6.9088490935047364e-01	   0.0000000000000000e+00	   0.0000000000000000e+00	   0.0000000000000000e+00	   0.0000000000000000e+00	   0.0000000000000000e+00	   3.5331083709511879e-01	   0.0000000000000000e+00	   7.7583936376982576e-01	   6.9442197358875268e-01	   0.0000000000000000e+00	   0.0000000000000000e+00	   0.0000000000000000e+00	
   3.4882422164119742e-01	   6.5204682834795058e-01	   0.0000000000000000e+00	   0.0000000000000000e+00	   7.9595950436228291e-01	   8.0692739736178853e-01	   0.0000000000000000e+00	   7.6875606089657400e-01	   0.0000000000000000e+00	   0.0000000000000000e+00	   9.7819434053060683e-01	   0.0000000000000000e+00	   0.0000000000000000e+00	   0.0000000000000000e+00	   3.0076284217808114e-01	   0.0000000000000000e+00	   0.0000000000000000e+00	   0.0000000000000000e+00	   0.0000000000000000e+00	   0.0000000000000000e+00	   0.0000000000000000e+00	   8.9647185782245198e-01	   0.0000000000000000e+00	   0.0000000000000000e+00	   3.3254001839610703e-01	   3.2333162765239193e-01	   4.7257543919724349e-01	   0.0000000000000000e+00	   9.4244673457667916e-01	   6.0054537581891987e-01	   0.0000000000000000e+00	   8.4941507175599540e-01	   0.0000000000000000e+00	   6.4597509027603028e-01	   6.5905661244402847e-01	   0.0000000000000000e+00	   8.4933830060869986e-01	   9.2960578956434414e-01	   8.9498487551462769e-01	   8.6645205004559234e-01	   8.5386809379134276e-01	   3.8633237129503661e-01	   5.9117472573450480e-01	   0.0000000000000000e+00	   0.0000000000000000e+00	   7.2258911503307088e-01	   0.0000000000000000e+00	   0.0000000000000000e+00	   9.9996113227455585e-01	   6.7288028452741777e-01	
   0.0000000000000000e+00	   9.6387406135357345e-01	   6.9090668424399093e-01	   0.0000000000000000e+00	   4.3723052687802938e-01	   8.1676634599185505e-01	   7.6875606089657400e-01	   0.0000000000000000e+00	   6.8137161956621650e-01	   8.0813394677090566e-01	   4.0906687354324944e-01	   0.0000000000000000e+00	   7.4445004703034767e-01	   0.0000000000000000e+00	   0.0000000000000000e+00	   0.0000000000000000e+00	   0.0000000000000000e+00	   6.3133522800857678e-01	   9.0091500665692137e-01	   0.0000000000000000e+00	   5.2604703940596753e-01	   0.0000000000000000e+00	   0.0000000000000000e+00	   0.0000000000000000e+00	   9.1032193834049413e-01	   8.0546546742961911e-01	   6.6879106782308395e-01	   0.0000000000000000e+00	   0.0000000000000000e+00	   3.5002226378865986e-01	   3.8547495747233501e-01	   6.5447821581562016e-01	   0.0000000000000000e+00	   0.0000000000000000e+00	   9.6524851768230757e-01	   0.0000000000000000e+00	   6.9396847874971845e-01	   3.1433739530922589e-01	   8.2346794680683222e-01	   0.0000000000000000e+00	   8.1100821382448474e-01	   0.0000000000000000e+00	   0.0000000000000000e+00	   4.5939009791446506e-01	   3.4011092810184340e-01	   0.0000000000000000e+00	   7.7681391963607871e-01	   0.0000000000000000e+00	   4.5146303578652019e-01	   0.0000000000000000e+00	
   3.6888772628884919e-01	   9.6841163208177372e-01	   9.2860288760713372e-01	   0.0000000000000000e+00	   3.6197544768754258e-01	   0.0000000000000000e+00	   0.0000000000000000e+00	   6.8137161956621650e-01	   0.0000000000000000e+00	   3.7824799347661653e-01	   9.5228123758468719e-01	   0.0000000000000000e+00	   3.6750213159165446e-01	   3.4409047146608218e-01	   5.9890471187027372e-01	   6.9016637186303154e-01	   5.4757229255445750e-01	   4.0608711807539138e-01	   5.1669009131982635e-01	   6.7557898989637155e-01	   0.0000000000000000e+00	   3.5677950414979698e-01	   5.8070709963658740e-01	   0.0000000000000000e+00	   9.6767796374113146e-01	   0.0000000000000000e+00	   0.0000000000000000e+00	   6.6818292953560698e-01	   0.0000000000000000e+00	   0.0000000000000000e+00	   0.0000000000000000e+00	   0.0000000000000000e+00	   0.0000000000000000e+00	   5.7558141120129280e-01	   0.0000000000000000e+00	   4.2998935958148543e-01	   9.6792501055607660e-01	   0.0000000000000000e+00	   0.0000000000000000e+00	   4.1953341384798598e-01	   3.3392141396407382e-01	   5.9156174760530356e-01	   8.1259855687564797e-01	   4.3491935943987048e-01	   0.0000000000000000e+00	   0.0000000000000000e+00	   4.7657182656755581e-01	   0.0000000000000000e+00	   5.2676443023013264e-01	   4.0192899711478020e-01	
   6.3251342852144576e-01	   0.0000000000000000e+00	   3.4069334376615701e-01	   0.0000000000000000e+00	   0.0000000000000000e+00	   3.8920582803525477e-01	   0.0000000000000000e+00	   8.0813394677090566e-01	   3.7824799347661653e-01	   0.0000000000000000e+00	   9.5786069154743259e-01	   3.1648983376392531e-01	   8.1792087934138791e-01	   0.0000000000000000e+00	   4.5874134362301033e-01	   4.8256226813324188e-01	   9.7877601052161189e-01	   0.0000000000000000e+00	   7.8857594429395361e-01	   0.0000000000000000e+00	   5.3661413712365014e-01	   9.9555118272838494e-01	   0.0000000000000000e+00	   8.2838802867794881e-01	   9.7354246011754419e-01	   6.8803396064731781e-01	   4.6117339125425683e-01	   4.4888148589267113e-01	   0.0000000000000000e+00	   9.4296780444824280e-01	   6.4694133864283088e-01	   0.0000000000000000e+00	   3.6866019790015542e-01	   9.8958694911619993e-01	   0.0000000000000000e+00	   0.0000000000000000e+00	   0.0000000000000000e+00	   4.0173168353070565e-01	   6.3072664235536702e-01	   0.0000000000000000e+00	   5.0042249906494507e-01	   6.4893594973128965e-01	   0.0000000000000000e+00	   0.0000000000000000e+00	   6.4966142368193380e-01	   5.4791464676541890e-01	   0.0000000000000000e+00	   5.6513683547859395e-01	   0.0000000000000000e+00	   8.9345998807152283e-01	
   0.0000000000000000e+00	   4.8600847225390609e-01	   0.0000000000000000e+00	   0.0000000000000000e+00	   6.7619301040309798e-01	   0.0000000000000000e+00	   9.7819434053060683e-01	   4.0906687354324944e-01	   9.5228123758468719e-01	   9.5786069154743259e-01	   0.0000000000000000e+00	   4.8290297261971882e-01	   4.7183157621002358e-01	   3.9992842460344930e-01	   0.0000000000000000e+00	   3.2806924604485893e-01	   0.0000000000000000e+00	   0.0000000000000000e+00	   0.0000000000000000e+00	   5.2057595485093278e-01	   0.0000000000000000e+00	   8.4330337522994414e-01	   3.7845510590615355e-01	   7.0472887054359856e-01	   3.8844223920061460e-01	   3.3980265273841204e-01	   0.0000000000000000e+00	   0.0000000000000000e+00	   0.0000000000000000e+00	   3.7145999983535233e-01	   3.1708936911283714e-01	   7.2690122873118668e-01	   7.9720849599230081e-01	   0.0000000000000000e+00	   0.0000000000000000e+00	   0.0000000000000000e+00	   0.0000000000000000e+00	   6.0269315344645402e-01	   4.9362131871795528e-01	   7.8170253328906392e-01	   7.5392470364444242e-01	   0.0000000000000000e+00	   4.9217623343596845e-01	   3.5543123663018161e-01	   0.0000000000000000e+00	   0.0000000000000000e+00	   3.9942620721058092e-01	   5.6707559089977999e-01	   0.0000000000000000e+00	   5.9417730225637722e-01	
   6.6330452454346811e-01	   4.3964074237390471e-01	   7.5155387198897317e-01	   0.0000000000000000e+00	   0.0000000000000000e+00	   5.4198615262894712e-01	   0.0000000000000000e+00	   0.0000000000000000e+00	   0.0000000000000000e+00	   3.1648983376392531e-01	   4.8290297261971882e-01	   0.0000000000000000e+00	   0.0000000000000000e+00	   7.6679229561334328e-01	   0.0000000000000000e+00	   3.5618119716526198e-01	   0.0000000000000000e+00	   8.5745681849250155e-01	   7.2847750548037626e-01	   5.2058839518058231e-01	   8.5514417603684190e-01	   5.1818851607685856e-01	   3.9007223620604958e-01	   0.0000000000000000e+00	   0.0000000000000000e+00	   9.2912947907783439e-01	   9.1579751932488840e-01	   8.1664458062487122e-01	   5.3689810278429140e-01	   7.3501018536261942e-01	   4.5604332292283689e-01	   7.8153379787759847e-01	   0.0000000000000000e+00	   4.9021287613336628e-01	   4.4195154423496874e-01	   8.4434402842537448e-01	   7.3776613473128694e-01	   7.4797394192186162e-01	   6.9741476171814032e-01	   0.0000000000000000e+00	   0.0000000000000000e+00	   0.0000000000000000e+00	   4.0338739713214128e-01	   8.2654636735619924e-01	   6.0547854608632012e-01	   4.4436302863480709e-01	   7.3641577709938089e-01	   6.6718278098093831e-01	   0.0000000000000000e+00	   3.3181849775194561e-01	
   0.0000000000000000e+00	   0.0000000000000000e+00	   5.9431175770602773e-01	   5.1078055092777341e-01	   0.0000000000000000e+00	   3.1987747683739293e-01	   0.0000000000000000e+00	   7.4445004703034767e-01	   3.6750213159165446e-01	   8.1792087934138791e-01	   4.7183157621002358e-01	   0.0000000000000000e+00	   0.0000000000000000e+00	   0.0000000000000000e+00	   0.0000000000000000e+00	   0.0000000000000000e+00	   5.5847898868726076e-01	   3.9346769798514980e-01	   0.0000000000000000e+00	   8.3433417294618795e-01	   0.0000000000000000e+00	   4.7989175476347889e-01	   3.5169602876164940e-01	   3.2983554096596912e-01	   0.0000000000000000e+00	   6.6611681122850941e-01	   0.0000000000000000e+00	   6.8124833826329478e-01	   8.1968451899160000e-01	   6.2370281107311165e-01	   5.4947337447613120e-01	   4.7342972536724326e-01	   0.0000000000000000e+00	   3.0295306400500888e-01	   3.2889777392767933e-01	   7.2429604411653781e-01	   0.0000000000000000e+00	   0.0000000000000000e+00	   8.5923283684504215e-01	   3.9533873968822197e-01	   7.9333829859146976e-01	   0.0000000000000000e+00	   0.0000000000000000e+00	   4.5503542921095447e-01	   5.0412699229856750e-01	   7.8875354993948144e-01	   6.7282662016770634e-01	   4.5224772772555527e-01	   0.0000000000000000e+00	   0.0000000000000000e+00	
   6.2317271880918357e-01	   0.0000000000000000e+00	   8.7380185687985312e-01	   0.0000000000000000e+00	   0.0000000000000000e+00	   7.1427829802180609e-01	   0.0000000000000000e+00	   0.0000000000000000e+00	   3.4409047146608218e-01	   0.0000000000000000e+00	   3.9992842460344930e-01	   7.6679229561334328e-01	   0.0000000000000000e+00	   0.0000000000000000e+00	   0.0000000000000000e+00	   0.0000000000000000e+00	   4.3441718894766235e-01	   4.7555861937365601e-01	   0.0000000000000000e+00	   0.0000000000000000e+00	   5.5799655057041164e-01	   9.5320832724842575e-01	   0.0000000000000000e+00	   3.3466858383986120e-01	   5.5674304227274285e-01	   0.0000000000000000e+00	   5.7934971576299465e-01	   3.2691024228811222e-01	   3.2477555424291832e-01	   0.0000000000000000e+00	   4.1444715239837876e-01	   0.0000000000000000e+00	   7.1117085720699269e-01	   0.0000000000000000e+00	   9.5362192077646890e-01	   0.0000000000000000e+00	   8.2203267009100878e-01	   6.5552608096691345e-01	   6.5901369066770499e-01	   4.1283945069838418e-01	   9.6445522765799874e-01	   0.0000000000000000e+00	   0.0000000000000000e+00	   7.3515674735166103e-01	   5.2570745981069034e-01	   0.0000000000000000e+00	   3.4765262257889218e-01	   9.7184147349813399e-01	   0.0000000000000000e+00	   9.3396863159840526e-01	
   5.2653432964043501e-01	   3.0284960956686041e-01	   3.4090185617984059e-01	   3.4039572375687432e-01	   3.7301015587511072e-01	   5.5638703577953597e-01	   3.0076284217808114e-01	   0.0000000000000000e+00	   5.9890471187027372e-01	   4.5874134362301033e-01	   0.0000000000000000e+00	   0.0000000000000000e+00	   0.0000000000000000e+00	   0.0000000000000000e+00	   0.0000000000000000e+00	   0.0000000000000000e+00	   0.0000000000000000e+00	   0.0000000000000000e+00	   7.7265664556389924e-01	   0.0000000000000000e+00	   0.0000000000000000e+00	   7.0393220997831873e-01	   4.3123621753839703e-01	   5.1231232249203040e-01	   6.5628234810905350e-01	   3.9740843734549719e-01	   9.3100474529300636e-01	   3.9319683870706013e-01	   0.0000000000000000e+00	   0.0000000000000000e+00	   8.3108997732464385e-01	   6.0938049487709534e-01	   9.6714124063127671e-01	   0.0000000000000000e+00	   3.6580884805952413e-01	   0.0000000000000000e+00	   9.3084416759753896e-01	   5.6947844934041791e-01	   0.0000000000000000e+00	   7.9111863828526352e-01	   5.8257224455950152e-01	   0.0000000000000000e+00	   0.0000000000000000e+00	   3.5855838629634113e-01	   9.9078023425656903e-01	   6.3051688466152056e-01	   3.2014336684870437e-01	   4.3185964963687773e-01	   0.0000000000000000e+00	   4.1853673425987337e-01	
   8.1433972287624168e-01	   8.0569868927106447e-01	   7.8084955979851756e-01	   5.3744694917496916e-01	   6.4818848927220629e-01	   4.7339827412444019e-01	   0.0000000000000000e+00	   0.0000000000000000e+00	   6.9016637186303154e-01	   4.8256226813324188e-01	   3.2806924604485893e-01	   3.5618119716526198e-01	   0.0000000000000000e+00	   0.0000000000000000e+00	   0.0000000000000000e+00	   0.0000000000000000e+00	   6.3528565612521137e-01	   0.0000000000000000e+00	   0.0000000000000000e+00	   9.5038379596544598e-01	   4.5568097052876133e-01	   3.5908432300277587e-01	   0.0000000000000000e+00	   8.1479095351742203e-01	   0.0000000000000000e+00	   4.8321832588011238e-01	   0.0000000000000000e+00	   3.5548902877231398e-01	   8.4218993072699222e-01	   0.0000000000000000e+00	   8.8094626394080477e-01	   0.0000000000000000e+00	   0.0000000000000000e+00	   0.0000000000000000e+00	   0.0000000000000000e+00	   0.0000000000000000e+00	   0.0000000000000000e+00	   0.0000000000000000e+00	   7.7490597800808614e-01	   9.7417301023712466e-01	   0.0000000000000000e+00	   0.0000000000000000e+00	   5.8498130479279120e-01	   8.5291338183613852e-01	   9.9714120959415431e-01	   0.0000000000000000e+00	   0.0000000000000000e+00	   0.0000000000000000e+00	   6.0117537056094883e-01	   8.9930025032106986e-01	
   0.0000000000000000e+00	   5.0488014540704773e-01	   7.6295561837264447e-01	   9.7139121253926164e-01	   0.0000000000000000e+00	   3.0500770903622793e-01	   0.0000000000000000e+00	   0.0000000000000000e+00	   5.4757229255445750e-01	   9.7877601052161189e-01	   0.0000000000000000e+00	   0.0000000000000000e+00	   5.5847898868726076e-01	   4.3441718894766235e-01	   0.0000000000000000e+00	   6.3528565612521137e-01	   0.0000000000000000e+00	   3.9420436141255510e-01	   4.9721770986593805e-01	   0.0000000000000000e+00	   3.4561217498399494e-01	   9.4286582172718902e-01	   3.1987939924003761e-01	   5.1362633843088057e-01	   3.8920514874093981e-01	   4.7789832472027172e-01	   5.1782738193939293e-01	   9.1254847422556118e-01	   6.4121057529649983e-01	   6.4880985295759341e-01	   0.0000000000000000e+00	   0.0000000000000000e+00	   9.1540446053882518e-01	   3.6181590106729455e-01	   3.0071346933250548e-01	   7.2267552187459305e-01	   5.3262848105326588e-01	   0.0000000000000000e+00	   0.0000000000000000e+00	   8.9424070010925050e-01	   3.4713520646433232e-01	   5.6428929449863252e-01	   3.6227567520919673e-01	   0.0000000000000000e+00	   0.0000000000000000e+00	   0.0000000000000000e+00	   4.4704105571552194e-01	   9.1808569321763689e-01	   3.2322132408547305e-01	   4.5729693941128824e-01	
   7.4324227074688265e-01	   8.4903277122104504e-01	   0.0000000000000000e+00	   7.1721956960637123e-01	   0.0000000000000000e+00	   7.1763326722042975e-01	   0.0000000000000000e+00	   6.3133522800857678e-01	   4.0608711807539138e-01	   0.0000000000000000e+00	   0.0000000000000000e+00	   8.5745681849250155e-01	   3.9346769798514980e-01	   4.7555861937365601e-01	   0.0000000000000000e+00	   0.0000000000000000e+00	   3.9420436141255510e-01	   0.0000000000000000e+00	   0.0000000000000000e+00	   0.0000000000000000e+00	   0.0000000000000000e+00	   7.6668351626873088e-01	   6.3249111913302380e-01	   5.4774413477399708e-01	   8.7240693942322856e-01	   8.5438880134318507e-01	   8.9940860059384842e-01	   0.0000000000000000e+00	   0.0000000000000000e+00	   0.0000000000000000e+00	   5.4178858116815765e-01	   4.4301324734192044e-01	   3.1647156413112043e-01	   9.6571397644310819e-01	   7.2433943923436794e-01	   7.4253063066147484e-01	   5.0865373404658021e-01	   4.7524318315044328e-01	   6.8947109727078537e-01	   0.0000000000000000e+00	   0.0000000000000000e+00	   0.0000000000000000e+00	   0.0000000000000000e+00	   3.9999166696055000e-01	   0.0000000000000000e+00	   0.0000000000000000e+00	   6.0400882767231379e-01	   0.0000000000000000e+00	   0.0000000000000000e+00	   0.0000000000000000e+00	
   9.8281643085689319e-01	   0.0000000000000000e+00	   0.0000000000000000e+00	   0.0000000000000000e+00	   5.5858470057601806e-01	   7.9076961963629810e-01	   0.0000000000000000e+00	   9.0091500665692137e-01	   5.1669009131982635e-01	   7.8857594429395361e-01	   0.0000000000000000e+00	   7.2847750548037626e-01	   0.0000000000000000e+00	   0.0000000000000000e+00	   7.7265664556389924e-01	   0.0000000000000000e+00	   4.9721770986593805e-01	   0.0000000000000000e+00	   0.0000000000000000e+00	   6.7919448031085494e-01	   3.3506283298235895e-01	   6.2463437427350177e-01	   6.4674121451265609e-01	   6.9056433716267307e-01	   8.2187198969307285e-01	   9.2599703630288355e-01	   0.0000000000000000e+00	   0.0000000000000000e+00	   3.7112069100305545e-01	   9.1578424023159433e-01	   0.0000000000000000e+00	   7.9382701614754492e-01	   3.5844506996837527e-01	   0.0000000000000000e+00	   9.7535297974495894e-01	   8.2393669357364674e-01	   0.0000000000000000e+00	   0.0000000000000000e+00	   4.6978552891051328e-01	   7.2281845963123281e-01	   0.0000000000000000e+00	   7.1682224219953172e-01	   0.0000000000000000e+00	   6.9234045697329138e-01	   6.8150021806234351e-01	   8.3033665174076510e-01	   6.5318851341301332e-01	   5.2910771353942687e-01	   4.3545332728229791e-01	   0.0000000000000000e+00	
   0.0000000000000000e+00	   0.0000000000000000e+00	   0.0000000000000000e+00	   9.9993634856203650e-01	   0.0000000000000000e+00	   6.7005272263830440e-01	   0.0000000000000000e+00	   0.0000000000000000e+00	   6.7557898989637155e-01	   0.0000000000000000e+00	   5.2057595485093278e-01	   5.2058839518058231e-01	   8.3433417294618795e-01	   0.0000000000000000e+00	   0.0000000000000000e+00	   9.5038379596544598e-01	   0.0000000000000000e+00	   0.0000000000000000e+00	   6.7919448031085494e-01	   0.0000000000000000e+00	   7.5669541036196208e-01	   0.0000000000000000e+00	   5.2853740164774399e-01	   4.3420993271664654e-01	   7.1751157699998225e-01	   6.3118877467398871e-01	   0.0000000000000000e+00	   9.0510419961402011e-01	   0.0000000000000000e+00	   6.5336490178239970e-01	   0.0000000000000000e+00	   0.0000000000000000e+00	   0.0000000000000000e+00	   0.0000000000000000e+00	   7.8272093968690082e-01	   0.0000000000000000e+00	   0.0000000000000000e+00	   4.8826916808417881e-01	   5.2954178115380979e-01	   0.0000000000000000e+00	   8.4280283103686315e-01	   7.0136108006649844e-01	   0.0000000000000000e+00	   4.3993568371122116e-01	   5.1230862931581422e-01	   0.0000000000000000e+00	   3.1267993858428156e-01	   0.0000000000000000e+00	   0.0000000000000000e+00	   9.2351255045388880e-01	
   7.2672373758520048e-01	   3.3437614073050781e-01	   0.0000000000000000e+00	   0.0000000000000000e+00	   3.0745489305729706e-01	   0.0000000000000000e+00	   0.0000000000000000e+00	   5.2604703940596753e-01	   0.0000000000000000e+00	   5.3661413712365014e-01	   0.0000000000000000e+00	   8.5514417603684190e-01	   0.0000000000000000e+00	   5.5799655057041164e-01	   0.0000000000000000e+00	   4.5568097052876133e-01	   3.4561217498399494e-01	   0.0000000000000000e+00	   3.3506283298235895e-01	   7.5669541036196208e-01	   0.0000000000000000e+00	   8.6243741442371125e-01	   5.9223989098838148e-01	   0.0000000000000000e+00	   7.0289387712554308e-01	   7.1944840662680543e-01	   0.0000000000000000e+00	   6.5173283788891223e-01	   0.0000000000000000e+00	   6.7089187291456254e-01	   4.5037054780936020e-01	   0.0000000000000000e+00	   0.0000000000000000e+00	   5.1492901094739085e-01	   9.5841179206869231e-01	   6.1745615331241765e-01	   0.0000000000000000e+00	   6.3573393782240806e-01	   8.8608831033420188e-01	   8.7436162149033470e-01	   3.4338994251059340e-01	   0.0000000000000000e+00	   7.3186900276203604e-01	   7.7210636037759717e-01	   4.8351137584246001e-01	   9.4219105680853832e-01	   7.8554399834018696e-01	   5.5668778815643472e-01	   5.1706854356936383e-01	   0.0000000000000000e+00	
   0.0000000000000000e+00	   0.0000000000000000e+00	   0.0000000000000000e+00	   4.8795165958831144e-01	   4.9553106390188567e-01	   0.0000000000000000e+00	   8.9647185782245198e-01	   0.0000000000000000e+00	   3.5677950414979698e-01	   9.9555118272838494e-01	   8.4330337522994414e-01	   5.1818851607685856e-01	   4.7989175476347889e-01	   9.5320832724842575e-01	   7.0393220997831873e-01	   3.5908432300277587e-01	   9.4286582172718902e-01	   7.6668351626873088e-01	   6.2463437427350177e-01	   0.0000000000000000e+00	   8.6243741442371125e-01	   0.0000000000000000e+00	   4.1331435970287067e-01	   0.0000000000000000e+00	   0.0000000000000000e+00	   6.0501194178359752e-01	   6.9298713924499744e-01	   0.0000000000000000e+00	   0.0000000000000000e+00	   4.1506866713525337e-01	   3.9121434848417930e-01	   7.6862617072208250e-01	   4.9476839685265106e-01	   0.0000000000000000e+00	   6.4776195143255078e-01	   9.7105341047684690e-01	   0.0000000000000000e+00	   0.0000000000000000e+00	   8.3957628298932763e-01	   0.0000000000000000e+00	   7.0275768386543547e-01	   7.3569877499098624e-01	   0.0000000000000000e+00	   4.7532361917449983e-01	   5.4615429396914061e-01	   0.0000000000000000e+00	   0.0000000000000000e+00	   8.4704477404130607e-01	   4.5974875873653176e-01	   0.0000000000000000e+00	
   0.0000000000000000e+00	   4.1166594192147798e-01	   0.0000000000000000e+00	   3.8495403714564480e-01	   0.0000000000000000e+00	   7.5976516943405792e-01	   0.0000000000000000e+00	   0.0000000000000000e+00	   5.8070709963658740e-01	   0.0000000000000000e+00	   3.7845510590615355e-01	   3.9007223620604958e-01	   3.5169602876164940e-01	   0.0000000000000000e+00	   4.3123621753839703e-01	   0.0000000000000000e+00	   3.1987939924003761e-01	   6.3249111913302380e-01	   6.4674121451265609e-01	   5.2853740164774399e-01	   5.9223989098838148e-01	   4.1331435970287067e-01	   0.0000000000000000e+00	   8.6053031628671905e-01	   3.4508333107820716e-01	   6.3259910500776551e-01	   0.0000000000000000e+00	   6.5200503463078663e-01	   4.1829654815284156e-01	   0.0000000000000000e+00	   9.0532851171301099e-01	   0.0000000000000000e+00	   0.0000000000000000e+00	   0.0000000000000000e+00	   0.0000000000000000e+00	   5.8302489313760064e-01	   4.9393698648087159e-01	   0.0000000000000000e+00	   0.0000000000000000e+00	   6.3545560710039384e-01	   6.8553599774335661e-01	   0.0000000000000000e+00	   0.0000000000000000e+00	   5.8893398560357801e-01	   8.3418968831393303e-01	   0.0000000000000000e+00	   9.9081902174970660e-01	   5.0869323324738636e-01	   0.0000000000000000e+00	   0.0000000000000000e+00	
   0.0000000000000000e+00	   8.1515302888405961e-01	   0.0000000000000000e+00	   0.0000000000000000e+00	   9.4236348224044963e-01	   9.2832413337483821e-01	   0.0000000000000000e+00	   0.0000000000000000e+00	   0.0000000000000000e+00	   8.2838802867794881e-01	   7.0472887054359856e-01	   0.0000000000000000e+00	   3.2983554096596912e-01	   3.3466858383986120e-01	   5.1231232249203040e-01	   8.1479095351742203e-01	   5.1362633843088057e-01	   5.4774413477399708e-01	   6.9056433716267307e-01	   4.3420993271664654e-01	   0.0000000000000000e+00	   0.0000000000000000e+00	   8.6053031628671905e-01	   0.0000000000000000e+00	   0.0000000000000000e+00	   0.0000000000000000e+00	   7.1747711845714246e-01	   8.9743263058058131e-01	   8.5797155621067045e-01	   4.4088734470769403e-01	   0.0000000000000000e+00	   6.3822574762217910e-01	   3.7275027171166991e-01	   0.0000000000000000e+00	   0.0000000000000000e+00	   0.0000000000000000e+00	   7.8257327587969927e-01	   7.4906433493497682e-01	   0.0000000000000000e+00	   0.0000000000000000e+00	   8.5960856881262027e-01	   5.3543942765486197e-01	   8.6217202238023272e-01	   7.2575969824996456e-01	   4.2620940961021819e-01	   0.0000000000000000e+00	   0.0000000000000000e+00	   0.0000000000000000e+00	   0.0000000000000000e+00	   5.7875611497657520e-01	
   9.4727935202965385e-01	   0.0000000000000000e+00	   0.0000000000000000e+00	   9.1175638409607562e-01	   0.0000000000000000e+00	   3.6314753470009553e-01	   3.3254001839610703e-01	   9.1032193834049413e-01	   9.6767796374113146e-01	   9.7354246011754419e-01	   3.8844223920061460e-01	   0.0000000000000000e+00	   0.0000000000000000e+00	   5.5674304227274285e-01	   6.5628234810905350e-01	   0.0000000000000000e+00	   3.8920514874093981e-01	   8.7240693942322856e-01	   8.2187198969307285e-01	   7.1751157699998225e-01	   7.0289387712554308e-01	   0.0000000000000000e+00	   3.4508333107820716e-01	   0.0000000000000000e+00	   0.0000000000000000e+00	   5.0616875984437515e-01	   0.0000000000000000e+00	   4.5141032079263527e-01	   0.0000000000000000e+00	   0.0000000000000000e+00	   3.7433239844587718e-01	   9.0070033956045070e-01	   0.0000000000000000e+00	   0.0000000000000000e+00	   6.4308484191194759e-01	   5.9303494171211946e-01	   3.7256858882628696e-01	   9.9825338337323455e-01	   9.4123690596198339e-01	   4.2893628325568833e-01	   0.0000000000000000e+00	   5.7546879001493167e-01	   3.5247580063398509e-01	   4.6075482263400469e-01	   3.0000770513907538e-01	   9.9291798971389089e-01	   5.8957824133078440e-01	   0.0000000000000000e+00	   0.0000000000000000e+00	   3.9851211957115634e-01	
   0.0000000000000000e+00	   0.0000000000000000e+00	   6.9723467745182788e-01	   8.8713893839258362e-01	   9.4933388100543592e-01	   0.0000000000000000e+00	   3.2333162765239193e-01	   8.0546546742961911e-01	   0.0000000000000000e+00	   6.8803396064731781e-01	   3.3980265273841204e-01	   9.2912947907783439e-01	   6.6611681122850941e-01	   0.0000000000000000e+00	   3.9740843734549719e-01	   4.8321832588011238e-01	   4.7789832472027172e-01	   8.5438880134318507e-01	   9.2599703630288355e-01	   6.3118877467398871e-01	   7.1944840662680543e-01	   6.0501194178359752e-01	   6.3259910500776551e-01	   0.0000000000000000e+00	   5.0616875984437515e-01	   0.0000000000000000e+00	   6.9748800211376283e-01	   5.2522781885169945e-01	   7.5588675894245416e-01	   9.9491804538001283e-01	   6.4505457563772550e-01	   6.2823158361594367e-01	   3.2715468984786594e-01	   0.0000000000000000e+00	   3.2042185838059728e-01	   0.0000000000000000e+00	   0.0000000000000000e+00	   4.9031116888420445e-01	   0.0000000000000000e+00	   4.1202668582077728e-01	   0.0000000000000000e+00	   0.0000000000000000e+00	   0.0000000000000000e+00	   6.7832548505439472e-01	   6.4274940615420795e-01	   3.8709460031494031e-01	   4.7351877521083369e-01	   0.0000000000000000e+00	   0.0000000000000000e+00	   6.2664080644824338e-01	
   9.3213148737468798e-01	   6.6653119912947356e-01	   0.0000000000000000e+00	   8.9008778590476623e-01	   4.8238163715549770e-01	   0.0000000000000000e+00	   4.7257543919724349e-01	   6.6879106782308395e-01	   0.0000000000000000e+00	   4.6117339125425683e-01	   0.0000000000000000e+00	   9.1579751932488840e-01	   0.0000000000000000e+00	   5.7934971576299465e-01	   9.3100474529300636e-01	   0.0000000000000000e+00	   5.1782738193939293e-01	   8.9940860059384842e-01	   0.0000000000000000e+00	   0.0000000000000000e+00	   0.0000000000000000e+00	   6.9298713924499744e-01	   0.0000000000000000e+00	   7.1747711845714246e-01	   0.0000000000000000e+00	   6.9748800211376283e-01	   0.0000000000000000e+00	   7.6797592614814225e-01	   5.7824022917601425e-01	   9.3470966345071416e-01	   8.1129865228291353e-01	   5.9223468207799324e-01	   0.0000000000000000e+00	   4.3012918120252419e-01	   0.0000000000000000e+00	   9.4735139228428511e-01	   5.0612357017172049e-01	   3.3852112144625118e-01	   9.8504125197879522e-01	   0.0000000000000000e+00	   9.6505798656751063e-01	   6.0902427872059328e-01	   7.6165886528508930e-01	   4.1816784003213964e-01	   0.0000000000000000e+00	   0.0000000000000000e+00	   0.0000000000000000e+00	   0.0000000000000000e+00	   0.0000000000000000e+00	   5.7297647011261343e-01	
   3.2946841951442213e-01	   9.0449785605036204e-01	   0.0000000000000000e+00	   3.5234304699027041e-01	   0.0000000000000000e+00	   0.0000000000000000e+00	   0.0000000000000000e+00	   0.0000000000000000e+00	   6.6818292953560698e-01	   4.4888148589267113e-01	   0.0000000000000000e+00	   8.1664458062487122e-01	   6.8124833826329478e-01	   3.2691024228811222e-01	   3.9319683870706013e-01	   3.5548902877231398e-01	   9.1254847422556118e-01	   0.0000000000000000e+00	   0.0000000000000000e+00	   9.0510419961402011e-01	   6.5173283788891223e-01	   0.0000000000000000e+00	   6.5200503463078663e-01	   8.9743263058058131e-01	   4.5141032079263527e-01	   5.2522781885169945e-01	   7.6797592614814225e-01	   0.0000000000000000e+00	   6.3521275205398642e-01	   0.0000000000000000e+00	   9.0907914207522200e-01	   0.0000000000000000e+00	   0.0000000000000000e+00	   5.3469090042533174e-01	   9.2166856575328304e-01	   5.1542717522138859e-01	   0.0000000000000000e+00	   0.0000000000000000e+00	   0.0000000000000000e+00	   3.4628366429782748e-01	   3.8477396974739503e-01	   4.3845045527742077e-01	   0.0000000000000000e+00	   6.2125941527289918e-01	   0.0000000000000000e+00	   0.0000000000000000e+00	   9.5873128047280121e-01	   0.0000000000000000e+00	   0.0000000000000000e+00	   8.4617803150144999e-01	
   9.7341138562954099e-01	   0.0000000000000000e+00	   7.2469259019357746e-01	   0.0000000000000000e+00	   7.4726486771613310e-01	   8.6623798493193260e-01	   9.4244673457667916e-01	   0.0000000000000000e+00	   0.0000000000000000e+00	   0.0000000000000000e+00	   0.0000000000000000e+00	   5.3689810278429140e-01	   8.1968451899160000e-01	   3.2477555424291832e-01	   0.0000000000000000e+00	   8.4218993072699222e-01	   6.4121057529649983e-01	   0.0000000000000000e+00	   3.7112069100305545e-01	   0.0000000000000000e+00	   0.0000000000000000e+00	   0.0000000000000000e+00	   4.1829654815284156e-01	   8.5797155621067045e-01	   0.0000000000000000e+00	   7.5588675894245416e-01	   5.7824022917601425e-01	   6.3521275205398642e-01	   0.0000000000000000e+00	   5.3943710978752690e-01	   0.0000000000000000e+00	   7.2719121397970587e-01	   0.0000000000000000e+00	   4.0534705284013561e-01	   5.5187213564857918e-01	   6.9043146653614218e-01	   6.5119274997236998e-01	   9.5676744180175555e-01	   0.0000000000000000e+00	   9.9482422874202814e-01	   5.5288222063207881e-01	   0.0000000000000000e+00	   7.5437753159133036e-01	   0.0000000000000000e+00	   0.0000000000000000e+00	   0.0000000000000000e+00	   0.0000000000000000e+00	   9.7148728552162211e-01	   9.3167455541977584e-01	   3.6835675801200785e-01	
   0.0000000000000000e+00	   0.0000000000000000e+00	   6.7513424531781840e-01	   9.8129219396576972e-01	   0.0000000000000000e+00	   6.9878698986658860e-01	   6.0054537581891987e-01	   3.5002226378865986e-01	   0.0000000000000000e+00	   9.4296780444824280e-01	   3.7145999983535233e-01	   7.3501018536261942e-01	   6.2370281107311165e-01	   0.0000000000000000e+00	   0.0000000000000000e+00	   0.0000000000000000e+00	   6.4880985295759341e-01	   0.0000000000000000e+00	   9.1578424023159433e-01	   6.5336490178239970e-01	   6.7089187291456254e-01	   4.1506866713525337e-01	   0.0000000000000000e+00	   4.4088734470769403e-01	   0.0000000000000000e+00	   9.9491804538001283e-01	   9.3470966345071416e-01	   0.0000000000000000e+00	   5.3943710978752690e-01	   0.0000000000000000e+00	   7.0260076140877581e-01	   9.9631158092370842e-01	   0.0000000000000000e+00	   0.0000000000000000e+00	   0.0000000000000000e+00	   3.5473730125313591e-01	   9.0690870971923054e-01	   6.8668096684812663e-01	   9.9648880267229623e-01	   0.0000000000000000e+00	   0.0000000000000000e+00	   8.5340473059911659e-01	   6.0890287239677388e-01	   4.9032210538148657e-01	   3.0408759628519499e-01	   0.0000000000000000e+00	   3.4568156846219700e-01	   0.0000000000000000e+00	   0.0000000000000000e+00	   4.4166771512087677e-01	
