   1.0000000000000000e+00	   3.3349338441724463e-01	   0.0000000000000000e+00	   0.0000000000000000e+00	   1.1503900850892945e-01	   5.5823381934412575e-01	   6.3657367153830358e-01	   2.1001939956663718e-01	   6.7902070763697608e-01	   0.0000000000000000e+00	   0.0000000000000000e+00	   9.4790496186054385e-01	   1.7870800343061888e-01	   6.0210207490633838e-01	   2.6603352684196246e-01	   2.6320672220319519e-01	   2.2732039755001399e-01	   7.1082226501040224e-01	   6.2379761209337048e-01	   0.0000000000000000e+00	   0.0000000000000000e+00	   9.3669208300430273e-01	   4.7580963683959132e-01	   0.0000000000000000e+00	   0.0000000000000000e+00	   2.3209699261251049e-01	   9.3868129537658662e-03	   4.4817232708548538e-02	   4.0117418101817681e-02	   5.4499177895150286e-01	   0.0000000000000000e+00	   0.0000000000000000e+00	   4.2822377513381926e-01	   0.0000000000000000e+00	   1.6692902017945621e-01	   0.0000000000000000e+00	   7.3615614282810260e-01	   2.7204023417495549e-01	   7.9314722411324134e-01	   3.8421341946798004e-01	   4.7882968243907476e-01	   6.3050009920539507e-01	   0.0000000000000000e+00	   2.7514687809302074e-01	   6.0864994933905348e-01	   0.0000000000000000e+00	   0.0000000000000000e+00	   4.4869423447418466e-01	   7.0232991682449875e-01	   0.0000000000000000e+00	   7.7888214012312817e-01	   2.7954213854080023e-01	   4.2946460519006258e-01	   0.0000000000000000e+00	   0.0000000000000000e+00	   0.0000000000000000e+00	   5.9742298395247961e-01	   8.0085245130199589e-01	   9.0562156734076860e-02	   3.9612823690342602e-01	   1.8758334155362999e-01	   2.3532004187555744e-01	   0.0000000000000000e+00	   0.0000000000000000e+00	   3.7642974285826925e-01	   0.0000000000000000e+00	   8.5390233768999535e-01	   0.0000000000000000e+00	   9.0332573156518203e-01	   0.0000000000000000e+00	   2.6596751442755029e-01	   0.0000000000000000e+00	   0.0000000000000000e+00	   3.1032510884417808e-01	   6.0775592109526044e-01	   8.6403738877125680e-01	   1.5193005279108718e-02	   9.6794332621929502e-01	   0.0000000000000000e+00	   5.3855829871101157e-01	   9.9492121960427282e-01	   1.8389231343298662e-01	   4.0402266192488345e-01	   3.7831031696584849e-01	   5.5960860861931461e-01	   0.0000000000000000e+00	   0.0000000000000000e+00	   7.3341446023575219e-01	   0.0000000000000000e+00	   0.0000000000000000e+00	   9.9462115884775948e-01	   0.0000000000000000e+00	   0.0000000000000000e+00	   9.4429833797628593e-01	   6.7696422566701298e-01	   0.0000000000000000e+00	   1.3418777300512075e-01	   0.0000000000000000e+00	   7.4064252176934831e-01	   4.1591545565169430e-01	
   3.3349338441724463e-01	   1.0000000000000000e+00	   7.4446281736034448e-01	   0.0000000000000000e+00	   8.1349112648080768e-01	   7.7619253424540524e-01	   0.0000000000000000e+00	   0.0000000000000000e+00	   9.6761010499076827e-01	   8.6225845765383990e-01	   2.8113955600450191e-01	   1.5614316448480370e-01	   3.5643895186392471e-01	   0.0000000000000000e+00	   1.3011599578605426e-01	   6.6846179747596468e-01	   0.0000000000000000e+00	   0.0000000000000000e+00	   0.0000000000000000e+00	   7.1343890591212289e-01	   8.4763785586547857e-01	   7.7428612648251971e-01	   0.0000000000000000e+00	   0.0000000000000000e+00	   0.0000000000000000e+00	   6.5865298928428240e-01	   0.0000000000000000e+00	   0.0000000000000000e+00	   9.7216589176340951e-01	   4.6498950547523321e-01	   5.0151010776639171e-01	   4.2392244286569358e-01	   5.4266008258768494e-01	   0.0000000000000000e+00	   1.7862668216927990e-01	   0.0000000000000000e+00	   0.0000000000000000e+00	   9.6920635162179658e-01	   0.0000000000000000e+00	   5.5833459380713946e-01	   9.1204158237265887e-01	   8.7754380349007410e-01	   0.0000000000000000e+00	   0.0000000000000000e+00	   2.4489685398115024e-02	   7.8683519701912852e-01	   6.1629124369332922e-01	   4.8075961950587021e-01	   0.0000000000000000e+00	   4.5130521867000783e-01	   9.5466926491313164e-01	   9.8278819638437254e-01	   0.0000000000000000e+00	   0.0000000000000000e+00	   9.1617084066666477e-01	   1.6045384857015499e-01	   8.2867258168190028e-01	   0.0000000000000000e+00	   3.0649436916409534e-01	   9.6984051201622501e-01	   0.0000000000000000e+00	   5.8612691384829674e-01	   9.4186454349211768e-01	   2.1557941915393597e-01	   8.3371976093935274e-01	   9.8752464898712411e-01	   9.2923283066935070e-01	   0.0000000000000000e+00	   0.0000000000000000e+00	   0.0000000000000000e+00	   0.0000000000000000e+00	   5.3721400827965493e-01	   0.0000000000000000e+00	   9.0222544400399096e-01	   0.0000000000000000e+00	   4.2462117863161442e-01	   3.0499824546663046e-01	   1.0444026717877863e-01	   8.9469185595374534e-02	   5.6268122759461392e-01	   3.5169660455368867e-01	   0.0000000000000000e+00	   1.1148281826812001e-01	   0.0000000000000000e+00	   4.3233859473671177e-01	   0.0000000000000000e+00	   0.0000000000000000e+00	   4.9318759094285403e-02	   2.1789703714189645e-01	   0.0000000000000000e+00	   0.0000000000000000e+00	   6.8989029113512434e-01	   0.0000000000000000e+00	   0.0000000000000000e+00	   6.5743355751886501e-01	   2.4117110791574536e-01	   7.7479030946134275e-01	   6.0652332907143225e-02	   0.0000000000000000e+00	   0.0000000000000000e+00	
   0.0000000000000000e+00	   7.4446281736034448e-01	   1.0000000000000000e+00	   0.0000000000000000e+00	   0.0000000000000000e+00	   6.9778923392942582e-01	   9.9190461967401622e-01	   7.5088595022715998e-01	   1.1193762566201670e-01	   6.6801482092594144e-01	   2.9403788326815894e-02	   5.6371400204318833e-01	   6.5693013043101844e-01	   8.4717769892108641e-01	   0.0000000000000000e+00	   3.9146043809398567e-01	   5.5293593363783500e-01	   0.0000000000000000e+00	   8.7089733307995409e-01	   1.2511980471383799e-01	   0.0000000000000000e+00	   7.6847344048888933e-01	   1.0762529878139393e-01	   7.2889233976738421e-01	   0.0000000000000000e+00	   0.0000000000000000e+00	   7.5597824774973854e-01	   5.2308414440544271e-01	   8.7242120999578943e-01	   3.2838021770894366e-01	   6.5670122411133924e-01	   3.5582567712397051e-01	   0.0000000000000000e+00	   1.7624395951372152e-01	   9.3608785584083776e-01	   0.0000000000000000e+00	   7.6194793989771781e-01	   3.7379596434364393e-01	   1.0616943564312098e-01	   2.0935421499161389e-02	   8.8153212053054908e-01	   2.3815652081413996e-01	   0.0000000000000000e+00	   2.6366304317163602e-01	   6.2233003785024588e-01	   6.9773145846049633e-01	   1.3298079079441461e-01	   8.1389598537632235e-01	   0.0000000000000000e+00	   6.2967798264703034e-01	   0.0000000000000000e+00	   0.0000000000000000e+00	   5.8914046788447660e-01	   0.0000000000000000e+00	   9.1249636809026258e-01	   8.2588740673997907e-02	   0.0000000000000000e+00	   0.0000000000000000e+00	   6.6650788537127281e-01	   0.0000000000000000e+00	   2.1450874943920817e-01	   9.8069145307517325e-01	   0.0000000000000000e+00	   2.4687934880465479e-01	   0.0000000000000000e+00	   4.6999710724700328e-01	   0.0000000000000000e+00	   0.0000000000000000e+00	   2.2326805597042843e-01	   0.0000000000000000e+00	   5.1154122456295059e-01	   0.0000000000000000e+00	   2.9055464023941546e-01	   1.8951400937988427e-01	   5.0063297585968547e-01	   1.5662250371549058e-01	   9.5055117598197802e-01	   5.4030621275837942e-01	   3.4045464461110186e-01	   2.0060075726213145e-01	   0.0000000000000000e+00	   0.0000000000000000e+00	   0.0000000000000000e+00	   2.7760589252303114e-01	   7.8533415394576689e-01	   4.3145863438214438e-01	   0.0000000000000000e+00	   5.3947189661435069e-01	   0.0000000000000000e+00	   1.0099527073679337e-02	   0.0000000000000000e+00	   4.0782617903766916e-01	   0.0000000000000000e+00	   3.0601076768222990e-02	   8.4153270884005216e-01	   0.0000000000000000e+00	   2.4896576632260103e-01	   0.0000000000000000e+00	   9.2020806370774311e-01	   7.3619619074398712e-01	
   0.0000000000000000e+00	   0.0000000000000000e+00	   0.0000000000000000e+00	   1.0000000000000000e+00	   2.9844014912430006e-01	   5.3081307356946095e-01	   0.0000000000000000e+00	   2.0197469159631831e-02	   0.0000000000000000e+00	   1.3755399857438178e-01	   4.9781052863844399e-01	   9.6853968271488911e-01	   6.1751465940748196e-01	   6.7691367796918200e-02	   6.6793023084348047e-01	   9.1216200881304266e-01	   3.9506097635865456e-01	   0.0000000000000000e+00	   3.6305643654057196e-02	   8.7995240395416319e-01	   9.6516131898067259e-01	   0.0000000000000000e+00	   3.3060070854162737e-02	   1.1610936080622225e-01	   1.3064381387976176e-01	   0.0000000000000000e+00	   7.7908237692823623e-01	   9.6780339912616187e-01	   0.0000000000000000e+00	   0.0000000000000000e+00	   9.3071822032494556e-01	   3.3197011989669267e-01	   0.0000000000000000e+00	   7.8567030648360292e-01	   3.5058495573041326e-01	   9.5284016470568822e-01	   0.0000000000000000e+00	   1.3857141555403096e-01	   3.3950899828196646e-01	   4.1915309151679336e-01	   0.0000000000000000e+00	   2.4288770987280583e-01	   6.5582529214184393e-01	   5.7135187338817262e-01	   5.7019412105494005e-01	   0.0000000000000000e+00	   6.2028911066517711e-01	   1.2961209355969139e-01	   4.1704133968789248e-02	   0.0000000000000000e+00	   5.3252661104861321e-01	   2.1244148134288898e-01	   1.3861102548687376e-01	   0.0000000000000000e+00	   6.0783500252770417e-01	   0.0000000000000000e+00	   0.0000000000000000e+00	   9.7534614842106138e-01	   0.0000000000000000e+00	   5.3607355057314321e-01	   2.8703116115222083e-01	   2.0360539465351768e-02	   9.0902980044119008e-01	   0.0000000000000000e+00	   0.0000000000000000e+00	   4.5533698862783589e-01	   8.8330790439441620e-01	   0.0000000000000000e+00	   0.0000000000000000e+00	   5.7950855546928026e-02	   0.0000000000000000e+00	   0.0000000000000000e+00	   0.0000000000000000e+00	   6.7941254002104678e-01	   7.4428201127509974e-01	   7.9361570149528571e-01	   1.1204771511903355e-02	   8.2567039672535247e-01	   9.7321918706978705e-02	   0.0000000000000000e+00	   9.0302320063931352e-01	   9.9987263766460122e-01	   0.0000000000000000e+00	   0.0000000000000000e+00	   0.0000000000000000e+00	   3.3949836599751704e-01	   2.7374066144746967e-01	   7.3359875990095447e-01	   8.8255776063259517e-02	   5.2994830076241617e-01	   0.0000000000000000e+00	   4.7526799842626744e-01	   9.6964517214871049e-01	   8.8178953565766793e-01	   1.8169380475733288e-01	   7.5209331116160727e-01	   2.1612248509143939e-01	   5.9245612614760645e-01	   6.5870581778790560e-01	   0.0000000000000000e+00	
   1.1503900850892945e-01	   8.1349112648080768e-01	   0.0000000000000000e+00	   2.9844014912430006e-01	   1.0000000000000000e+00	   5.3247066037053548e-01	   7.5061528828821278e-01	   3.1350828262232633e-01	   1.6204182150946533e-01	   7.2648072281818343e-01	   0.0000000000000000e+00	   0.0000000000000000e+00	   0.0000000000000000e+00	   0.0000000000000000e+00	   0.0000000000000000e+00	   6.9231535939867483e-01	   6.1354053912283635e-01	   4.9728107045041636e-01	   6.0632668886536634e-01	   5.6415936951390144e-01	   9.7587138603437562e-01	   0.0000000000000000e+00	   4.9973214612914041e-01	   9.0757397418312213e-01	   4.1613860870522379e-01	   0.0000000000000000e+00	   4.6860064556753600e-01	   0.0000000000000000e+00	   6.1012568849860749e-01	   0.0000000000000000e+00	   6.6909409962272459e-01	   0.0000000000000000e+00	   3.6801991132194156e-01	   0.0000000000000000e+00	   8.5264083894447751e-01	   0.0000000000000000e+00	   0.0000000000000000e+00	   5.6677252684559309e-01	   0.0000000000000000e+00	   5.8427632720516554e-01	   0.0000000000000000e+00	   9.4715706173031899e-01	   1.0873570348174955e-01	   0.0000000000000000e+00	   6.6772426193983514e-01	   5.8820300193459463e-01	   0.0000000000000000e+00	   0.0000000000000000e+00	   0.0000000000000000e+00	   4.4853089800824142e-02	   0.0000000000000000e+00	   4.0302691933412182e-02	   1.8504893848771786e-01	   0.0000000000000000e+00	   0.0000000000000000e+00	   0.0000000000000000e+00	   7.7046008224468587e-01	   4.9147733921598535e-01	   0.0000000000000000e+00	   6.7964521926233767e-01	   1.4618807462856187e-01	   4.8720767498848983e-01	   1.4916220645972167e-01	   5.0021407320680611e-01	   9.2886622112448491e-01	   9.0830984301352480e-01	   7.9274653579476273e-01	   0.0000000000000000e+00	   8.1958723417070167e-01	   0.0000000000000000e+00	   0.0000000000000000e+00	   3.0486584727447130e-01	   7.2003483350233799e-01	   0.0000000000000000e+00	   7.4056810095069958e-01	   4.0878941659113199e-01	   2.0334413265445683e-01	   0.0000000000000000e+00	   0.0000000000000000e+00	   0.0000000000000000e+00	   2.1887192142321144e-01	   0.0000000000000000e+00	   7.5825089326047557e-01	   2.5803503348354651e-01	   3.5886510033260266e-02	   0.0000000000000000e+00	   0.0000000000000000e+00	   0.0000000000000000e+00	   5.4153375474408039e-01	   3.2935997813745344e-01	   6.3149153365617061e-01	   0.0000000000000000e+00	   8.3880368103848812e-01	   0.0000000000000000e+00	   5.4065075595378265e-01	   8.3584020305484930e-01	   8.8651014896328717e-01	   7.7941932181046403e-01	   2.8760392628671438e-01	   0.0000000000000000e+00	
   5.5823381934412575e-01	   7.7619253424540524e-01	   6.9778923392942582e-01	   5.3081307356946095e-01	   5.3247066037053548e-01	   1.0000000000000000e+00	   0.0000000000000000e+00	   8.9557146720911140e-01	   0.0000000000000000e+00	   3.4922080203128991e-01	   1.8330641619773536e-01	   0.0000000000000000e+00	   7.4731481817817169e-01	   6.2199800225860347e-01	   8.0088860410559626e-01	   3.5274140895189510e-01	   5.4723711308748080e-01	   0.0000000000000000e+00	   4.8166702677812978e-01	   8.2949371183166298e-01	   9.8427707822083499e-01	   0.0000000000000000e+00	   8.7682871802876872e-01	   0.0000000000000000e+00	   0.0000000000000000e+00	   0.0000000000000000e+00	   4.1098936197525371e-01	   0.0000000000000000e+00	   5.6588307884807831e-01	   2.7434810457716252e-01	   7.0586455947047710e-02	   6.5417436533129614e-01	   3.0366366561583591e-01	   0.0000000000000000e+00	   0.0000000000000000e+00	   0.0000000000000000e+00	   7.7823112108776438e-01	   4.4584499927379506e-01	   3.3081576742617080e-01	   0.0000000000000000e+00	   9.6758133679456004e-01	   3.1087475982775226e-01	   9.6481667477890087e-01	   0.0000000000000000e+00	   5.9547852698252324e-01	   4.4196482891347744e-01	   4.8768346085816172e-01	   5.3392983559828699e-01	   0.0000000000000000e+00	   0.0000000000000000e+00	   0.0000000000000000e+00	   4.4759212468711762e-01	   0.0000000000000000e+00	   2.3763849456870800e-01	   0.0000000000000000e+00	   7.6543758424932629e-01	   0.0000000000000000e+00	   0.0000000000000000e+00	   0.0000000000000000e+00	   1.3539658946655975e-01	   0.0000000000000000e+00	   6.1325777140678905e-01	   0.0000000000000000e+00	   8.7798178421176576e-01	   4.2328245956613608e-01	   1.8973969220916209e-02	   0.0000000000000000e+00	   9.1317425944117869e-01	   0.0000000000000000e+00	   2.3616064030417261e-01	   2.0669820706072173e-01	   0.0000000000000000e+00	   4.2925163468276628e-01	   9.6699409765351430e-01	   0.0000000000000000e+00	   0.0000000000000000e+00	   0.0000000000000000e+00	   8.2901889277315755e-01	   0.0000000000000000e+00	   6.7693515817026118e-01	   3.7087389549724781e-01	   2.8994101287135754e-02	   9.5214606886310704e-01	   3.9005791716895888e-02	   4.9081935618399120e-01	   9.0837138762891056e-01	   0.0000000000000000e+00	   5.2175833197297428e-01	   9.2196216297381695e-01	   7.4246703011307025e-01	   0.0000000000000000e+00	   0.0000000000000000e+00	   5.3530501399302166e-01	   0.0000000000000000e+00	   0.0000000000000000e+00	   9.5267136940415320e-01	   2.4571449459967509e-01	   5.7743607732156921e-02	   0.0000000000000000e+00	   8.2905129590961657e-01	
   6.3657367153830358e-01	   0.0000000000000000e+00	   9.9190461967401622e-01	   0.0000000000000000e+00	   7.5061528828821278e-01	   0.0000000000000000e+00	   1.0000000000000000e+00	   0.0000000000000000e+00	   0.0000000000000000e+00	   0.0000000000000000e+00	   0.0000000000000000e+00	   5.7831919989571290e-01	   7.2317617542348267e-01	   0.0000000000000000e+00	   3.1151534759372268e-02	   7.8733929784631318e-01	   3.5709031911385047e-01	   0.0000000000000000e+00	   7.8699272486989580e-01	   0.0000000000000000e+00	   0.0000000000000000e+00	   7.3366501970986264e-02	   7.5967097517007465e-01	   3.4122556537465532e-01	   0.0000000000000000e+00	   2.6071702812763287e-01	   7.6802130110307798e-01	   9.9325627243707515e-01	   6.7850960516265235e-01	   0.0000000000000000e+00	   3.0826242347783173e-01	   0.0000000000000000e+00	   8.9860056297387647e-01	   0.0000000000000000e+00	   6.5304212226316138e-01	   0.0000000000000000e+00	   0.0000000000000000e+00	   5.3427270681548888e-01	   0.0000000000000000e+00	   3.1656327906248971e-01	   7.0468203011670782e-02	   0.0000000000000000e+00	   2.1232376210402137e-01	   0.0000000000000000e+00	   6.2804897844981333e-03	   0.0000000000000000e+00	   8.3735389586215514e-01	   8.4635846305143225e-01	   9.5244567747359521e-01	   0.0000000000000000e+00	   0.0000000000000000e+00	   0.0000000000000000e+00	   5.4131528458570921e-01	   5.7197751668332386e-01	   9.6365266865659471e-01	   5.0937046429339694e-01	   0.0000000000000000e+00	   4.8570451427783534e-01	   0.0000000000000000e+00	   6.8827004316002804e-01	   0.0000000000000000e+00	   3.8847682531491645e-01	   0.0000000000000000e+00	   3.8977358663466632e-02	   0.0000000000000000e+00	   0.0000000000000000e+00	   7.1103342947154746e-01	   0.0000000000000000e+00	   4.0909052043282168e-01	   2.9312727887718504e-01	   6.3499340807535976e-01	   3.1337312680883622e-01	   8.1822384185342589e-01	   0.0000000000000000e+00	   6.0714991166523335e-01	   1.7650819099457637e-01	   7.3627002247102491e-01	   1.9631440873198203e-01	   8.4958875303972281e-02	   3.7939936047771960e-01	   2.7617532740305351e-01	   0.0000000000000000e+00	   9.4956060985277635e-01	   6.7618678813333866e-01	   9.7978270701286985e-01	   1.6206425131207347e-01	   0.0000000000000000e+00	   9.5276919424425921e-01	   0.0000000000000000e+00	   0.0000000000000000e+00	   6.1348399298782119e-01	   0.0000000000000000e+00	   4.3029644607972684e-01	   8.0494326784667547e-01	   3.2276323343650004e-01	   1.6321754234760655e-01	   6.0644370511519652e-01	   5.4240317154424333e-01	   2.9035965926032092e-01	   2.9657663272441115e-01	
   2.1001939956663718e-01	   0.0000000000000000e+00	   7.5088595022715998e-01	   2.0197469159631831e-02	   3.1350828262232633e-01	   8.9557146720911140e-01	   0.0000000000000000e+00	   1.0000000000000000e+00	   6.3982192572611285e-02	   0.0000000000000000e+00	   2.2666948793414332e-01	   0.0000000000000000e+00	   1.9803838800867080e-01	   3.6631965327684990e-01	   0.0000000000000000e+00	   1.6832116482959314e-01	   0.0000000000000000e+00	   0.0000000000000000e+00	   8.7240864555337505e-01	   8.4836180860833421e-01	   2.7994606067617267e-01	   0.0000000000000000e+00	   9.5664793504404411e-01	   0.0000000000000000e+00	   1.7784313469485813e-01	   1.7812682005936320e-01	   0.0000000000000000e+00	   1.9628070143403731e-01	   2.9964422770854748e-01	   0.0000000000000000e+00	   0.0000000000000000e+00	   3.3453784840408873e-01	   0.0000000000000000e+00	   0.0000000000000000e+00	   5.9163521897419769e-01	   2.3732699624447762e-01	   4.8804904961722073e-01	   6.5583685504707778e-01	   0.0000000000000000e+00	   6.9274392128629958e-01	   9.3026704261455939e-01	   0.0000000000000000e+00	   0.0000000000000000e+00	   8.3929343397253497e-01	   4.7239510346110192e-01	   1.5368311121818945e-01	   5.9155569061915081e-01	   7.0487209741240475e-01	   4.7885601025434876e-01	   8.2222023822540935e-01	   6.8818632190315698e-01	   3.9706431691602140e-01	   0.0000000000000000e+00	   6.1455303329914246e-01	   5.9357573495270577e-01	   7.8300274476463039e-01	   5.7519747527656617e-01	   8.0696211399834283e-01	   4.5242952767628830e-01	   4.6283165059686060e-01	   0.0000000000000000e+00	   0.0000000000000000e+00	   4.2953867021077308e-01	   0.0000000000000000e+00	   0.0000000000000000e+00	   7.0464633449764047e-01	   0.0000000000000000e+00	   3.9465248746504333e-01	   1.1091065715480719e-01	   8.7434758174859317e-01	   3.3646883796985760e-01	   2.8436031376314441e-01	   1.2853945897797192e-01	   4.0190382234245092e-02	   2.7364539441506874e-01	   8.2328368658567896e-01	   0.0000000000000000e+00	   6.2105910009518928e-01	   0.0000000000000000e+00	   0.0000000000000000e+00	   2.4526885562027889e-01	   4.7016708616365555e-01	   4.6999436981525089e-02	   0.0000000000000000e+00	   0.0000000000000000e+00	   9.5533032026785369e-01	   7.5750767377712491e-01	   3.2364368821207190e-02	   2.8687614392975513e-02	   5.1296807546670242e-01	   6.9837351903756506e-02	   0.0000000000000000e+00	   6.8289966970642058e-01	   0.0000000000000000e+00	   8.6516917665973581e-02	   3.1223116657158045e-02	   0.0000000000000000e+00	   0.0000000000000000e+00	   3.5257674920456095e-01	   7.1226227838225187e-02	
   6.7902070763697608e-01	   9.6761010499076827e-01	   1.1193762566201670e-01	   0.0000000000000000e+00	   1.6204182150946533e-01	   0.0000000000000000e+00	   0.0000000000000000e+00	   6.3982192572611285e-02	   1.0000000000000000e+00	   0.0000000000000000e+00	   0.0000000000000000e+00	   0.0000000000000000e+00	   0.0000000000000000e+00	   9.8703321822487167e-01	   2.6811894895119648e-01	   2.6918870256914573e-01	   7.4840897292068331e-01	   0.0000000000000000e+00	   0.0000000000000000e+00	   6.8007008993550322e-01	   4.0649563328169547e-01	   3.4933629698272362e-01	   0.0000000000000000e+00	   0.0000000000000000e+00	   0.0000000000000000e+00	   7.5604902722574030e-01	   0.0000000000000000e+00	   5.1775993261126907e-01	   1.8662946356595911e-01	   5.7606990255213819e-01	   0.0000000000000000e+00	   5.9277281684685001e-01	   0.0000000000000000e+00	   8.4601048678523538e-01	   0.0000000000000000e+00	   7.6728681911497554e-01	   6.4495906367782818e-01	   0.0000000000000000e+00	   4.8838271218418927e-01	   5.9021915333599306e-01	   0.0000000000000000e+00	   0.0000000000000000e+00	   3.6411484883299317e-01	   6.9958812143299576e-02	   6.9978300396827797e-01	   8.5076163374319014e-01	   8.1925516103181251e-01	   3.3250233275774144e-02	   0.0000000000000000e+00	   9.6492747770811771e-01	   0.0000000000000000e+00	   0.0000000000000000e+00	   0.0000000000000000e+00	   8.4493300554278195e-01	   0.0000000000000000e+00	   0.0000000000000000e+00	   8.6221439127409671e-01	   0.0000000000000000e+00	   8.5053256633807528e-01	   8.8445748030113147e-01	   0.0000000000000000e+00	   9.9865232976663776e-01	   3.0141852736264352e-01	   5.0864100894203912e-01	   0.0000000000000000e+00	   9.0743408449412943e-01	   2.4982556056056560e-01	   0.0000000000000000e+00	   0.0000000000000000e+00	   9.8992813888537989e-01	   6.5202242680076050e-01	   3.4694313641614805e-01	   2.9322058803850548e-01	   3.8439401117529481e-01	   0.0000000000000000e+00	   0.0000000000000000e+00	   0.0000000000000000e+00	   0.0000000000000000e+00	   9.5696851534073801e-01	   0.0000000000000000e+00	   5.2519828812016245e-01	   8.4214200607734635e-01	   4.2633080179804894e-01	   3.1977817730620106e-01	   6.3311562723312742e-01	   4.6092270830657356e-01	   5.1917655185781497e-01	   8.7327635618341037e-01	   3.6925466053202383e-01	   8.8283807678312665e-01	   0.0000000000000000e+00	   2.0952284129129162e-01	   0.0000000000000000e+00	   0.0000000000000000e+00	   0.0000000000000000e+00	   0.0000000000000000e+00	   4.2109522445944503e-01	   4.7565810939085507e-01	   0.0000000000000000e+00	   8.6629149085409929e-01	
   0.0000000000000000e+00	   8.6225845765383990e-01	   6.6801482092594144e-01	   1.3755399857438178e-01	   7.2648072281818343e-01	   3.4922080203128991e-01	   0.0000000000000000e+00	   0.0000000000000000e+00	   0.0000000000000000e+00	   1.0000000000000000e+00	   6.9106492738849201e-01	   0.0000000000000000e+00	   1.7292558886235321e-01	   9.6825257343076454e-02	   6.2777465823858503e-01	   2.8123962534858193e-01	   0.0000000000000000e+00	   0.0000000000000000e+00	   0.0000000000000000e+00	   0.0000000000000000e+00	   0.0000000000000000e+00	   8.5443716776626222e-01	   0.0000000000000000e+00	   0.0000000000000000e+00	   0.0000000000000000e+00	   0.0000000000000000e+00	   9.9098208749126082e-01	   7.7950469886027218e-01	   9.0075869589851187e-01	   7.6911357201942809e-01	   3.1476266378426265e-03	   2.4633127638086771e-01	   8.9979117275911558e-01	   6.7374884201658036e-01	   8.9800557212609611e-01	   2.6499493088291826e-01	   5.1662725035293044e-01	   0.0000000000000000e+00	   7.8970230048951651e-01	   4.9437432591201258e-01	   6.4524097406061254e-01	   0.0000000000000000e+00	   7.7495850331938954e-03	   0.0000000000000000e+00	   0.0000000000000000e+00	   0.0000000000000000e+00	   1.7366478734625512e-01	   8.6776456900536136e-01	   9.4907592799444473e-01	   0.0000000000000000e+00	   0.0000000000000000e+00	   0.0000000000000000e+00	   0.0000000000000000e+00	   0.0000000000000000e+00	   0.0000000000000000e+00	   0.0000000000000000e+00	   7.5404286994240033e-01	   8.9966556644092099e-01	   3.0652478000751315e-01	   3.2793866553971429e-01	   1.6529640256518041e-02	   1.7631584235930120e-01	   2.2920012406973467e-01	   4.4784797300496904e-01	   0.0000000000000000e+00	   2.3943348066250170e-01	   6.1279271176785399e-01	   5.4429491417926334e-01	   2.3647195872081150e-01	   2.3432334588815540e-01	   9.0876204844216268e-01	   5.9607875784047326e-01	   0.0000000000000000e+00	   1.0766207006617357e-01	   0.0000000000000000e+00	   3.0789356774996934e-01	   8.2071823081287820e-01	   9.9768733954628586e-01	   6.7142638106216423e-01	   4.6952667969723905e-01	   9.8472572371181111e-01	   3.3787381336372357e-01	   0.0000000000000000e+00	   0.0000000000000000e+00	   0.0000000000000000e+00	   0.0000000000000000e+00	   0.0000000000000000e+00	   0.0000000000000000e+00	   0.0000000000000000e+00	   0.0000000000000000e+00	   3.7295592151927792e-01	   8.6853703661087767e-01	   5.5893246793306872e-01	   8.4799377276488674e-01	   0.0000000000000000e+00	   0.0000000000000000e+00	   0.0000000000000000e+00	   0.0000000000000000e+00	   0.0000000000000000e+00	   4.8526466873124219e-01	
   0.0000000000000000e+00	   2.8113955600450191e-01	   2.9403788326815894e-02	   4.9781052863844399e-01	   0.0000000000000000e+00	   1.8330641619773536e-01	   0.0000000000000000e+00	   2.2666948793414332e-01	   0.0000000000000000e+00	   6.9106492738849201e-01	   1.0000000000000000e+00	   1.5593090609193605e-01	   1.8153746312180785e-01	   0.0000000000000000e+00	   0.0000000000000000e+00	   0.0000000000000000e+00	   7.0976018513521633e-01	   1.9946253349962362e-01	   5.1221074795790289e-01	   0.0000000000000000e+00	   5.5617431243128490e-01	   0.0000000000000000e+00	   0.0000000000000000e+00	   0.0000000000000000e+00	   0.0000000000000000e+00	   5.1176383157880112e-01	   0.0000000000000000e+00	   0.0000000000000000e+00	   9.0235779411254158e-02	   0.0000000000000000e+00	   0.0000000000000000e+00	   0.0000000000000000e+00	   0.0000000000000000e+00	   0.0000000000000000e+00	   0.0000000000000000e+00	   0.0000000000000000e+00	   0.0000000000000000e+00	   0.0000000000000000e+00	   4.0581084329535544e-01	   0.0000000000000000e+00	   5.8144087791762356e-01	   4.8893987441038089e-01	   0.0000000000000000e+00	   1.9021767819735624e-01	   0.0000000000000000e+00	   0.0000000000000000e+00	   7.5413787856271608e-01	   0.0000000000000000e+00	   8.6591976512731816e-01	   1.7725528464561735e-01	   4.8946788568500277e-01	   1.8474631706702693e-01	   2.3408529184472748e-01	   7.7346563476663466e-03	   0.0000000000000000e+00	   0.0000000000000000e+00	   1.5957021001931859e-02	   9.2263425225653828e-01	   9.6668773595564650e-01	   0.0000000000000000e+00	   9.3506812745036150e-01	   0.0000000000000000e+00	   3.0393702630071739e-01	   0.0000000000000000e+00	   4.4749494573090742e-01	   4.7432028093804757e-01	   1.6378213746276682e-01	   8.9803953485535959e-01	   0.0000000000000000e+00	   0.0000000000000000e+00	   4.0729673475803085e-01	   3.9907852576680725e-02	   2.1147255675307730e-01	   3.2273191609696894e-01	   0.0000000000000000e+00	   0.0000000000000000e+00	   1.7868171640561181e-01	   4.5201427328457944e-01	   4.1717329388044533e-01	   0.0000000000000000e+00	   4.8694453811362259e-01	   1.6186839386486940e-01	   7.0573510913224546e-01	   0.0000000000000000e+00	   8.2954530177005115e-01	   0.0000000000000000e+00	   0.0000000000000000e+00	   5.8968544555342395e-02	   0.0000000000000000e+00	   2.7386508237903529e-01	   0.0000000000000000e+00	   9.0254429346544573e-01	   6.8190763117305764e-01	   3.0866718376816094e-01	   0.0000000000000000e+00	   1.0699565851671722e-01	   0.0000000000000000e+00	   1.6353303404060926e-01	   2.8842378379580158e-01	   6.6556039234249853e-01	
   9.4790496186054385e-01	   1.5614316448480370e-01	   5.6371400204318833e-01	   9.6853968271488911e-01	   0.0000000000000000e+00	   0.0000000000000000e+00	   5.7831919989571290e-01	   0.0000000000000000e+00	   0.0000000000000000e+00	   0.0000000000000000e+00	   1.5593090609193605e-01	   1.0000000000000000e+00	   0.0000000000000000e+00	   0.0000000000000000e+00	   0.0000000000000000e+00	   5.7655417008436660e-01	   6.3635512069178901e-01	   7.8965616890255164e-01	   4.5506701367514246e-01	   7.4326543359944985e-01	   3.9634145793846864e-01	   4.0345307166283817e-02	   0.0000000000000000e+00	   1.6752202231525548e-01	   2.8599293510108348e-01	   0.0000000000000000e+00	   0.0000000000000000e+00	   0.0000000000000000e+00	   9.0781868598267157e-01	   5.6545776563572481e-01	   7.9906734899778953e-02	   3.2851862162283418e-02	   6.4506649355566037e-01	   0.0000000000000000e+00	   5.4444248266043993e-02	   2.7519484704928898e-01	   7.7503818676683611e-01	   0.0000000000000000e+00	   2.0049509037840285e-01	   7.0605005739040705e-01	   0.0000000000000000e+00	   1.6920897975252491e-01	   3.6510881529272177e-01	   8.6979914905989553e-01	   4.2691067800580607e-01	   7.6587036889191695e-01	   0.0000000000000000e+00	   0.0000000000000000e+00	   4.3494148418273781e-01	   1.1852733885662281e-01	   5.7825274550058392e-01	   6.1993216416599706e-01	   3.4321674474508579e-01	   0.0000000000000000e+00	   4.1394363226323683e-01	   6.5594941147965424e-01	   2.8723927513890546e-01	   8.2265135558084512e-01	   6.6759361594189193e-01	   0.0000000000000000e+00	   5.8970290331610309e-01	   8.5909971103088478e-01	   0.0000000000000000e+00	   6.1588224522070045e-01	   0.0000000000000000e+00	   7.8417831180214936e-01	   6.2843930133254711e-01	   4.7363889636304846e-01	   0.0000000000000000e+00	   9.0744202051812195e-01	   0.0000000000000000e+00	   9.0301579217163586e-01	   0.0000000000000000e+00	   0.0000000000000000e+00	   2.0378857102074410e-01	   5.5944127610116579e-02	   0.0000000000000000e+00	   5.3838389841402401e-01	   0.0000000000000000e+00	   0.0000000000000000e+00	   3.9762520741160146e-01	   7.8781912223794037e-01	   7.2281051138828445e-01	   6.7754712105813553e-01	   4.1947528915585675e-01	   0.0000000000000000e+00	   8.1398994443658934e-01	   0.0000000000000000e+00	   6.5452322308310540e-01	   1.7923139958997147e-01	   6.3442412648822666e-02	   0.0000000000000000e+00	   0.0000000000000000e+00	   0.0000000000000000e+00	   4.1151601851326824e-01	   9.7245462536260319e-02	   0.0000000000000000e+00	   9.7731137558493242e-01	   6.3452091697793922e-01	   2.8365835697581288e-01	
   1.7870800343061888e-01	   3.5643895186392471e-01	   6.5693013043101844e-01	   6.1751465940748196e-01	   0.0000000000000000e+00	   7.4731481817817169e-01	   7.2317617542348267e-01	   1.9803838800867080e-01	   0.0000000000000000e+00	   1.7292558886235321e-01	   1.8153746312180785e-01	   0.0000000000000000e+00	   1.0000000000000000e+00	   1.4181265962726031e-01	   0.0000000000000000e+00	   0.0000000000000000e+00	   0.0000000000000000e+00	   9.0861353660908650e-01	   3.6425358395457796e-02	   0.0000000000000000e+00	   5.4695971105536256e-01	   8.1775534188016863e-01	   8.8827607812732523e-01	   5.1955564218842398e-02	   3.0413366569026490e-02	   5.6457760771432730e-01	   8.4015024941275163e-01	   1.4042892469740609e-01	   0.0000000000000000e+00	   4.6034417918475734e-02	   0.0000000000000000e+00	   0.0000000000000000e+00	   0.0000000000000000e+00	   0.0000000000000000e+00	   9.8899698637908795e-01	   4.3251196396533842e-01	   0.0000000000000000e+00	   0.0000000000000000e+00	   8.4327240901280565e-01	   4.1877186752474072e-01	   3.1980427259191280e-01	   7.3489909587935898e-01	   7.3518171338749150e-01	   0.0000000000000000e+00	   7.6115746973483522e-01	   3.6281430042451035e-01	   6.4172967544206205e-01	   9.9238984841172784e-01	   0.0000000000000000e+00	   5.7307916251817970e-02	   0.0000000000000000e+00	   2.1907475865811687e-01	   7.8133093560792999e-01	   0.0000000000000000e+00	   0.0000000000000000e+00	   4.1473905778696230e-01	   3.2269622980998403e-01	   6.3430826582970690e-01	   1.4113338679563037e-01	   0.0000000000000000e+00	   6.0317627431490761e-01	   0.0000000000000000e+00	   3.4709481141144405e-01	   1.7530730656686078e-01	   2.2815307184291400e-01	   0.0000000000000000e+00	   7.3122992482037130e-01	   0.0000000000000000e+00	   9.4673344708172458e-02	   9.8918274057451339e-01	   5.9071292398139652e-01	   4.5818818126627969e-01	   0.0000000000000000e+00	   0.0000000000000000e+00	   0.0000000000000000e+00	   2.2597536046102185e-01	   3.8580654673731485e-01	   3.5206941638021572e-01	   0.0000000000000000e+00	   3.2057311011052469e-01	   0.0000000000000000e+00	   1.7412638686559212e-01	   6.4606899219119596e-01	   4.7022996387553140e-01	   9.3267997606634490e-01	   8.8248305866713950e-01	   9.2627929595545333e-02	   9.9905938698562080e-01	   8.9705865965715503e-02	   0.0000000000000000e+00	   8.9621875677942953e-01	   8.8491341171931281e-01	   7.6948240189522243e-01	   9.2448342654825177e-01	   9.2679967049813305e-01	   0.0000000000000000e+00	   4.8492558320885437e-01	   4.6780526940456113e-01	   6.8153631426748196e-01	   7.4980660482448092e-01	
   6.0210207490633838e-01	   0.0000000000000000e+00	   8.4717769892108641e-01	   6.7691367796918200e-02	   0.0000000000000000e+00	   6.2199800225860347e-01	   0.0000000000000000e+00	   3.6631965327684990e-01	   9.8703321822487167e-01	   9.6825257343076454e-02	   0.0000000000000000e+00	   0.0000000000000000e+00	   1.4181265962726031e-01	   1.0000000000000000e+00	   4.5931927852943200e-02	   0.0000000000000000e+00	   4.9171723715407178e-01	   0.0000000000000000e+00	   2.1772843787808105e-01	   0.0000000000000000e+00	   0.0000000000000000e+00	   8.3320917380952553e-01	   0.0000000000000000e+00	   2.7510377727168900e-01	   0.0000000000000000e+00	   8.1841333107447300e-01	   4.2877949547959970e-01	   0.0000000000000000e+00	   0.0000000000000000e+00	   4.6881831648841754e-01	   8.7253672714552732e-01	   6.3772840647676698e-01	   5.4271483358997830e-01	   0.0000000000000000e+00	   0.0000000000000000e+00	   2.1025170938116888e-01	   0.0000000000000000e+00	   4.7150309039084681e-02	   0.0000000000000000e+00	   0.0000000000000000e+00	   5.7574183312811644e-01	   0.0000000000000000e+00	   0.0000000000000000e+00	   0.0000000000000000e+00	   0.0000000000000000e+00	   5.8571582885313955e-01	   1.5604620751683285e-01	   4.9953109500789949e-01	   0.0000000000000000e+00	   0.0000000000000000e+00	   4.9447528514040973e-01	   0.0000000000000000e+00	   4.1281541897092089e-01	   8.8687006278024960e-01	   7.1943270145412686e-01	   4.4315305482235190e-01	   4.3737840723712251e-01	   0.0000000000000000e+00	   3.0896127938185247e-01	   4.9720006933371186e-01	   0.0000000000000000e+00	   0.0000000000000000e+00	   7.6189896015359548e-01	   8.2143954987507328e-01	   8.8402700944841972e-01	   0.0000000000000000e+00	   0.0000000000000000e+00	   0.0000000000000000e+00	   6.7946012096603181e-01	   0.0000000000000000e+00	   0.0000000000000000e+00	   7.8135561461516179e-01	   6.3613953879677210e-01	   0.0000000000000000e+00	   0.0000000000000000e+00	   0.0000000000000000e+00	   3.8380822869703957e-01	   8.8247930740457359e-01	   8.0378953325153291e-01	   8.9011761018700453e-01	   6.4205746711841094e-01	   7.5123788939026115e-01	   2.4583460376663480e-01	   0.0000000000000000e+00	   3.4000131571882264e-01	   7.7993819098516459e-01	   2.6552927155105888e-01	   0.0000000000000000e+00	   0.0000000000000000e+00	   6.9741567986323749e-01	   0.0000000000000000e+00	   0.0000000000000000e+00	   1.0437884419588539e-01	   1.0908696312448551e-01	   0.0000000000000000e+00	   3.4210188578203093e-01	   6.1451747509570998e-01	   0.0000000000000000e+00	   7.8242016391380120e-01	   3.7854159727876291e-01	
   2.6603352684196246e-01	   1.3011599578605426e-01	   0.0000000000000000e+00	   6.6793023084348047e-01	   0.0000000000000000e+00	   8.0088860410559626e-01	   3.1151534759372268e-02	   0.0000000000000000e+00	   2.6811894895119648e-01	   6.2777465823858503e-01	   0.0000000000000000e+00	   0.0000000000000000e+00	   0.0000000000000000e+00	   4.5931927852943200e-02	   1.0000000000000000e+00	   2.3772010441071945e-01	   0.0000000000000000e+00	   2.2775079420486399e-01	   0.0000000000000000e+00	   2.2156320028374898e-01	   3.9981669988741031e-01	   0.0000000000000000e+00	   0.0000000000000000e+00	   8.4238451102796019e-01	   0.0000000000000000e+00	   6.7870372752027452e-02	   2.4866762857584346e-01	   8.1941314807809396e-01	   6.8219060201451032e-01	   0.0000000000000000e+00	   0.0000000000000000e+00	   0.0000000000000000e+00	   0.0000000000000000e+00	   8.5652334992463974e-01	   0.0000000000000000e+00	   9.2113120571499285e-01	   0.0000000000000000e+00	   3.8538797063148855e-01	   0.0000000000000000e+00	   5.6687181935084008e-01	   2.6364345899141828e-02	   0.0000000000000000e+00	   0.0000000000000000e+00	   4.0562565081170066e-02	   7.7935249844357501e-01	   0.0000000000000000e+00	   0.0000000000000000e+00	   4.4914491260340195e-01	   6.7383127579918267e-02	   3.4593024654505644e-04	   8.0278875496417801e-01	   3.8118990294050847e-01	   0.0000000000000000e+00	   0.0000000000000000e+00	   8.2174692228226498e-01	   0.0000000000000000e+00	   4.1497458744359794e-01	   1.3889845225039599e-01	   2.3426410045314083e-01	   9.2932439387371168e-02	   6.0016622053910740e-01	   9.6677629187965741e-02	   0.0000000000000000e+00	   0.0000000000000000e+00	   7.3529386383278494e-01	   4.9840992921063454e-01	   0.0000000000000000e+00	   0.0000000000000000e+00	   2.5314388282238920e-01	   0.0000000000000000e+00	   0.0000000000000000e+00	   3.6641076842637910e-01	   7.5144939668080535e-01	   8.4030440087561842e-01	   0.0000000000000000e+00	   0.0000000000000000e+00	   6.0245742692648174e-01	   0.0000000000000000e+00	   6.0353410764418325e-01	   4.0500522889666724e-01	   7.1225838664308683e-01	   5.8993505583269390e-01	   0.0000000000000000e+00	   6.4675163695264049e-01	   2.9798065516163330e-01	   8.2972312027889428e-01	   2.7756099308069948e-01	   9.2044030881441052e-01	   0.0000000000000000e+00	   0.0000000000000000e+00	   0.0000000000000000e+00	   1.7877815386174756e-01	   6.1839630762560249e-01	   9.8045024799801228e-01	   5.2582308356731478e-01	   4.8654688600627261e-01	   0.0000000000000000e+00	   0.0000000000000000e+00	   3.1735532476054618e-01	   1.2445112798951330e-02	
